0 400 400 32 32 23.256 25.7051 27.55 20.7874 36.3185 133.617
0 400 400 28 28 23.5148 24.6226 29.5314 19.5805 36.837 134.086
0 400 400 24 24 22.9337 23.6871 31.4506 18.6947 36.3691 133.135
0 400 400 20 20 22.6152 23.3974 33.6632 18.4134 36.5524 134.642
0 400 400 16 16 22.581 22.3834 36.3331 17.1937 37.0149 135.506
0 400 400 14 14 23.7331 22.8224 42.348 17.6317 39.5506 146.086
0 400 400 12 12 24.4055 22.8 47.497 17.5873 41.575 153.865
0 400 400 10 10 26.4385 23.9636 54.2594 18.3952 46.43 169.487
0 400 400 8 8 30.1139 25.3435 62.2493 19.455 53.3588 190.521
0 400 400 6 6 38.128 29.3565 81.6163 22.2641 67.5968 238.962
0 400 400 4 4 53.8379 36.6759 107.747 27.2284 92.2529 317.742
0 400 400 2 2 97.985 61.2003 203.889 44.44 171.693 579.207
0 400 400 1 1 201.403 109.067 418.307 77.7527 334.661 1141.19
