3 NY3 1 1 168.858 90.5751 423.269 80.2788 268.942 1031.93
3 NY3 2 2 79.0689 50.864 211.676 45.8279 135.506 522.943
3 NY3 4 4 46.1963 30.5754 117.251 28.2666 76.2896 298.579
3 NY3 6 6 32.3195 24.5246 87.3648 23.0204 54.9369 222.166
3 NY3 8 8 25.2808 21.2365 66.2697 20.3446 43.7184 176.85
3 NY3 10 10 22.005 20.1082 57.1897 19.3395 37.9295 156.572
3 NY3 12 12 20.1338 19.2367 50.7151 18.5443 34.2985 142.928
3 NY3 14 14 19.3608 19.3931 45.9385 18.6509 32.3786 135.722
3 NY3 16 16 18.5154 18.9252 38.6493 17.874 30.6689 124.633
3 NY3 20 20 18.4823 19.7118 35.181 18.869 30.2906 122.535
3 NY3 24 24 18.6156 20.7963 32.9151 19.8811 30.3094 122.518
3 NY3 28 28 18.4875 21.3895 31.1202 20.6876 29.8891 121.574
3 NY3 32 32 18.8823 21.4603 28.3454 20.8636 30.4554 120.007
