2 NY2 32 32 7.78167 12.241 16.485 12.0416 13.1736 61.723
2 NY2 28 28 7.77215 12.1841 17.7554 11.9721 13.3096 62.9935
2 NY2 24 24 7.80282 11.6511 18.9455 11.2886 13.5753 63.2635
2 NY2 20 20 7.73753 10.9737 20.1147 10.5716 13.572 62.9696
2 NY2 16 16 7.65751 10.568 21.963 9.98406 13.8802 64.0528
2 NY2 14 14 7.97919 10.7046 25.2938 10.1531 14.7609 68.8917
2 NY2 12 12 8.41238 10.6554 28.3375 10.1739 15.8172 73.3965
2 NY2 10 10 9.25599 11.0009 32.2203 10.5256 17.697 80.6999
2 NY2 8 8 10.6732 11.476 37.2803 10.9906 20.3663 90.7865
2 NY2 6 6 14.2668 13.1728 48.3987 12.4256 25.5062 113.77
2 NY2 4 4 18.0165 16.3187 65.609 14.8963 32.9098 147.75
2 NY2 2 2 30.5836 26.7306 118.459 23.6421 58.0183 257.434
2 NY2 1 1 72.3478 47.0545 261.007 40.6801 114.841 535.931
