# SequentialParetoSearch_std::dequeParetoQueue
# Map: ../instances/USA-road-t.NY.gr ../instances/USA-road-m.NY.gr
# Nodes 264346 Edges 733846
# Nodes 264347 Edges 730100
# LabelSet Modifications
0 5063
1 52673
2 54279
3 52216
4 44197
5 41074
6 39455
7 34021
8 34399
9 29936
10 31322
11 32621
12 25390
13 36379
14 32764
15 26500
16 23232
17 33202
18 26187
19 23429
20 33188
21 23005
22 23907
23 22690
24 22053
25 36843
26 22910
27 25839
28 22544
29 30560
30 25181
31 24524
32 23416
33 46263
34 20298
35 23258
36 25389
37 21762
38 31785
39 24701
40 33029
41 25669
42 26875
43 31023
44 30002
45 27399
46 25640
47 25987
48 24182
49 21338
50 102267
51 20543
52 22498
53 24215
54 23766
55 24306
56 26831
57 28291
58 24398
59 24404
60 33301
61 24692
62 24429
63 30894
64 29888
65 28313
66 24722
67 84134
68 28724
69 30128
70 32011
71 38887
72 29145
73 33429
74 29757
75 71646
76 30661
77 31052
78 36755
79 34976
80 70862
81 38336
82 42234
83 74274
84 43907
85 51679
86 84722
87 57453
88 92295
89 87870
90 88624
91 94749
92 117360
93 131060
94 157860
95 193532
96 243322
97 316386
98 502410
99 917611
100 156320
# ParetoQueue Insertions, Deletions
0 12146 94344
1 33692 75332
2 43826 59148
3 43542 55206
4 43554 50853
5 44445 49319
6 45616 47920
7 45112 47339
8 45037 46237
9 45820 46828
10 47828 46766
11 47678 47206
12 46971 47356
13 47256 45922
14 46672 46517
15 47313 46041
16 47848 45950
17 48492 45623
18 49310 46876
19 50604 46491
20 50484 46651
21 50024 47475
22 49585 46727
23 50152 47049
24 50162 47640
25 50659 47148
26 51306 47231
27 52677 47174
28 52658 48731
29 52335 50385
30 50986 50641
31 50777 49255
32 52101 49662
33 51468 50498
34 50560 49898
35 52256 49980
36 52244 49364
37 52014 49604
38 52227 49987
39 52302 49852
40 53329 49732
41 53284 50947
42 52874 51286
43 53423 52367
44 53293 52405
45 52170 51479
46 53243 51480
47 53918 50248
48 54607 51085
49 53615 52025
50 54680 51971
51 56068 52241
52 55868 52523
53 56311 53086
54 57074 53315
55 58772 53542
56 59965 54902
57 61583 55836
58 62486 58551
59 63169 58393
60 63634 58053
61 65870 60647
62 64122 60806
63 65169 62416
64 65976 61611
65 67292 61164
66 67888 64849
67 68014 65082
68 68230 65014
69 69083 64874
70 69935 65668
71 68943 67216
72 69344 66783
73 70878 65018
74 71315 68988
75 71995 67372
76 72495 68754
77 73059 66434
78 73841 65019
79 72013 73148
80 73516 73755
81 75226 71295
82 76891 75249
83 79681 77780
84 80190 78591
85 80851 78262
86 80664 77170
87 82690 74790
88 82639 76514
89 84207 74669
90 85840 75610
91 90562 85382
92 96312 77521
93 99324 91737
94 104244 92258
95 98037 105690
96 112521 106659
97 119983 107947
98 110522 78839
99 116031 98344
100 64312 47697

Iterations: 4999
Created Labels: 15950794
  initially dominated: 60.4859% (=9647984)
    via candidate shortcut: 25.5928% (=2469190)
  initially non-dominated: 39.5141% (=6302810)
    finally dominated: 11.9817% (=755182)
LabelSet sizes: 
  avg: 20
  max: 1315
ParetoQueue sizes: 
  avg: 51487
  max: 208435
Pareto Optimal Elements: 
  avg: 1068
  max: 3499
Identical Target Nodes per Iteration: 
  avg: 1
  max: 37
# LabelSet Modifications
0 633621
1 2468122
2 1245493
3 770290
4 543874
5 440884
6 382944
7 330090
8 308521
9 266284
10 254400
11 238538
12 203335
13 236343
14 217677
15 196136
16 183155
17 209888
18 184193
19 175744
20 200415
21 172422
22 168097
23 166675
24 163916
25 200866
26 161378
27 164935
28 155713
29 178864
30 163207
31 164847
32 168378
33 244979
34 171652
35 182286
36 187420
37 179464
38 219818
39 204425
40 227333
41 207085
42 208614
43 217865
44 218186
45 215324
46 216006
47 223274
48 233490
49 232385
50 424359
51 241585
52 240550
53 236175
54 234411
55 243632
56 252258
57 254786
58 242515
59 237185
60 254073
61 236581
62 246181
63 277803
64 287800
65 298533
66 296361
67 426983
68 317903
69 327970
70 318986
71 332889
72 295140
73 302984
74 299784
75 386312
76 309854
77 314196
78 343470
79 359120
80 422412
81 366654
82 371739
83 423495
84 350116
85 366577
86 429048
87 360609
88 411894
89 392864
90 394319
91 408832
92 469246
93 547138
94 643402
95 664480
96 829676
97 1090477
98 1832940
99 4391604
100 4322603
# ParetoQueue Insertions, Deletions
0 83737 485738
1 267049 423471
2 296565 352566
3 305430 330351
4 321211 319806
5 314423 321909
6 315846 318408
7 315873 315630
8 315637 317647
9 316249 316640
10 319394 315087
11 326390 314086
12 336466 314046
13 343384 321649
14 352433 331807
15 358062 340217
16 362882 350091
17 363841 351231
18 366256 357629
19 369061 358459
20 371120 358774
21 368130 360468
22 371474 356514
23 371303 362511
24 367301 363530
25 361897 361485
26 373830 355406
27 376121 361511
28 381401 362085
29 382532 367986
30 385887 369285
31 390311 374936
32 395219 381766
33 398204 386257
34 397497 393065
35 394602 388010
36 395736 385474
37 398522 386068
38 403476 390383
39 411367 395572
40 415182 403630
41 416412 408235
42 416107 409845
43 415159 411281
44 427210 419618
45 414400 417806
46 416460 410463
47 420675 404955
48 422277 410638
49 421255 416537
50 416186 412444
51 429094 411559
52 433033 415678
53 432447 420230
54 437712 421806
55 441012 422385
56 458097 433776
57 461742 443402
58 466799 449566
59 475533 462742
60 475560 454562
61 485368 466933
62 488026 470255
63 491277 478606
64 499859 486415
65 507652 492155
66 503654 494126
67 509170 493405
68 514620 498527
69 519801 505234
70 518892 514377
71 525304 505215
72 530833 520346
73 533350 519989
74 536260 526748
75 535582 524545
76 524751 530176
77 507478 507287
78 520068 493495
79 512354 515991
80 512026 514737
81 514983 512050
82 527746 520606
83 531267 527018
84 532595 528162
85 540662 520638
86 547506 520194
87 548315 514566
88 547775 494920
89 554908 503851
90 549439 473075
91 511761 475020
92 509021 555720
93 591923 570903
94 616074 621998
95 629257 571967
96 604439 693484
97 700633 699805
98 710524 587594
99 708229 575743
100 296992 240980

Iterations: 9999
Created Labels: 119843504
  initially dominated: 62.694% (=75134659)
    via candidate shortcut: 25.7949% (=19380925)
  initially non-dominated: 37.306% (=44708845)
    finally dominated: 12.2379% (=5471408)
LabelSet sizes: 
  avg: 148
  max: 3008
ParetoQueue sizes: 
  avg: 285529
  max: 763113
Pareto Optimal Elements: 
  avg: 3847
  max: 9042
Identical Target Nodes per Iteration: 
  avg: 1
  max: 50
# LabelSet Modifications
0 1995124
1 5831698
2 2762381
3 1712618
4 1218355
5 986203
6 852810
7 737108
8 683183
9 602995
10 572209
11 540884
12 472427
13 508512
14 463240
15 415282
16 394167
17 431403
18 391245
19 378370
20 417140
21 377959
22 376147
23 381861
24 388542
25 452438
26 406178
27 417549
28 419401
29 468371
30 451292
31 453565
32 462259
33 574495
34 477428
35 517713
36 525022
37 521572
38 604629
39 597718
40 629299
41 582729
42 589159
43 598449
44 602803
45 621013
46 642772
47 671883
48 708721
49 717345
50 1013899
51 750785
52 758981
53 773195
54 785597
55 800812
56 811617
57 798635
58 776112
59 760668
60 779420
61 740554
62 725674
63 758934
64 749538
65 742766
66 735072
67 934434
68 775713
69 780459
70 759841
71 772676
72 705445
73 716560
74 698095
75 818708
76 713953
77 728615
78 776550
79 806551
80 906514
81 822817
82 830744
83 930587
84 884475
85 958446
86 1101399
87 1002362
88 1110912
89 1078863
90 1117676
91 1110104
92 1173520
93 1233411
94 1216024
95 1222908
96 1487816
97 1984435
98 3319088
99 7516524
100 8519426
# ParetoQueue Insertions, Deletions
0 220238 1003825
1 644702 940787
2 691921 796070
3 728558 758026
4 748988 746073
5 731986 743530
6 735466 739957
7 749680 738776
8 759495 749174
9 770213 755315
10 782659 762420
11 809309 768181
12 843156 789182
13 855549 812260
14 863492 829403
15 868550 848286
16 874113 852087
17 881257 865054
18 878029 869922
19 887012 869289
20 884380 872373
21 889847 865741
22 900923 877363
23 909273 889640
24 914455 896260
25 915599 897180
26 909836 910360
27 888235 883342
28 887449 874957
29 880754 868652
30 891789 866277
31 894650 877452
32 900401 880809
33 908230 890457
34 892126 897075
35 888953 883859
36 894247 876084
37 907259 886155
38 919963 896761
39 936865 906987
40 955072 921651
41 960657 938853
42 975733 945581
43 994441 972324
44 985721 982940
45 983736 978029
46 1002370 978571
47 1006319 985720
48 1022326 993486
49 1027856 1006868
50 1039668 1023456
51 1045819 1034522
52 1063730 1022557
53 1085419 1054588
54 1089300 1064513
55 1090449 1061163
56 1111527 1076249
57 1102433 1087691
58 1117911 1096323
59 1115149 1095060
60 1120543 1096799
61 1124655 1105145
62 1121076 1100973
63 1124059 1109328
64 1123021 1103985
65 1141948 1116809
66 1118261 1125093
67 1100965 1092000
68 1105593 1086366
69 1113218 1096692
70 1103915 1099558
71 1114988 1086613
72 1109555 1103302
73 1114246 1094179
74 1113865 1107223
75 1108851 1090263
76 1103259 1110726
77 1092388 1087024
78 1109098 1072691
79 1097833 1095524
80 1109423 1095835
81 1129753 1129818
82 1106628 1123398
83 1123308 1119527
84 1125520 1120095
85 1134411 1113983
86 1138051 1098227
87 1136361 1081122
88 1138186 1064542
89 1151539 1057464
90 1181160 972971
91 1132644 982905
92 1043035 1083906
93 1151805 1204392
94 1297735 1286550
95 1321011 1348783
96 1389633 1427073
97 1530119 1591402
98 1646899 1478919
99 1746060 1476059
100 831987 728060

Iterations: 14999
Created Labels: 270993340
  initially dominated: 62.3822% (=169051492)
    via candidate shortcut: 25.1865% (=42578139)
  initially non-dominated: 37.6178% (=101941848)
    finally dominated: 11.7239% (=11951544)
LabelSet sizes: 
  avg: 340
  max: 4522
ParetoQueue sizes: 
  avg: 501210
  max: 1120920
Pareto Optimal Elements: 
  avg: 5925
  max: 11363
Identical Target Nodes per Iteration: 
  avg: 1
  max: 64
# LabelSet Modifications
0 3222478
1 8833185
2 4307600
3 2748805
4 2029277
5 1655121
6 1445888
7 1274634
8 1177625
9 1058756
10 1014927
11 972735
12 882529
13 931051
14 864164
15 805343
16 784905
17 835602
18 794554
19 788659
20 840897
21 803528
22 811251
23 810695
24 823800
25 915871
26 864117
27 879917
28 894725
29 961796
30 946211
31 947497
32 955379
33 1072298
34 942877
35 989167
36 997367
37 984098
38 1095599
39 1096353
40 1155204
41 1098588
42 1104710
43 1116862
44 1121470
45 1138564
46 1158993
47 1208269
48 1268928
49 1307746
50 1675698
51 1393161
52 1448340
53 1484857
54 1516729
55 1551132
56 1583597
57 1573106
58 1545008
59 1529177
60 1544493
61 1485280
62 1460036
63 1509292
64 1494426
65 1539071
66 1573587
67 1801313
68 1607236
69 1592620
70 1589396
71 1638375
72 1562139
73 1619873
74 1597027
75 1715679
76 1519248
77 1464223
78 1476140
79 1495015
80 1639653
81 1524573
82 1510939
83 1647307
84 1626621
85 1778598
86 2010384
87 1939870
88 2113804
89 2150086
90 2227408
91 1979341
92 1787833
93 1792585
94 1752204
95 1688734
96 1926119
97 2516900
98 4185350
99 9411027
100 11167926
# ParetoQueue Insertions, Deletions
0 399922 1638442
1 1170368 1608071
2 1202437 1369830
3 1266602 1304598
4 1332650 1296483
5 1352547 1312295
6 1346635 1333730
7 1356756 1336867
8 1376027 1348677
9 1368342 1355276
10 1379577 1360399
11 1403683 1372152
12 1423397 1385910
13 1438095 1398508
14 1450268 1411949
15 1457951 1432149
16 1461664 1440412
17 1471695 1448039
18 1464507 1453074
19 1478681 1453755
20 1471293 1455393
21 1505298 1457503
22 1510372 1482390
23 1507124 1493320
24 1525838 1496439
25 1536806 1512279
26 1532443 1530179
27 1522718 1507769
28 1541729 1513394
29 1526213 1516057
30 1540267 1513402
31 1556998 1518340
32 1571515 1542868
33 1596059 1551465
34 1587685 1580888
35 1591324 1577318
36 1612362 1589448
37 1640629 1612340
38 1662730 1629393
39 1687165 1650103
40 1707124 1667811
41 1707179 1685660
42 1726748 1687932
43 1760089 1729080
44 1751514 1745644
45 1768727 1745584
46 1795872 1770257
47 1790815 1767082
48 1814305 1772497
49 1806434 1787835
50 1826798 1801441
51 1823471 1814758
52 1846272 1801986
53 1873584 1834929
54 1876453 1862378
55 1862027 1833516
56 1880777 1851581
57 1846976 1837432
58 1858562 1841080
59 1851879 1832517
60 1847335 1823046
61 1829216 1814434
62 1842710 1808624
63 1837217 1831336
64 1837231 1813766
65 1870034 1834263
66 1843827 1848346
67 1838224 1817788
68 1856085 1823162
69 1853145 1846813
70 1851715 1823223
71 1862248 1849343
72 1854393 1835054
73 1858565 1851323
74 1839735 1842447
75 1832331 1814343
76 1823741 1829945
77 1804829 1815896
78 1814133 1776746
79 1819247 1812990
80 1821168 1813406
81 1850396 1833023
82 1839868 1851101
83 1856679 1843892
84 1877724 1856947
85 1886802 1871910
86 1896012 1854954
87 1907725 1845309
88 1902567 1832625
89 1926244 1812512
90 1969122 1751095
91 1936332 1738983
92 1896159 1832624
93 2012687 1967887
94 2140119 2049519
95 2154370 2174444
96 2221867 2245670
97 2427755 2503069
98 2664405 2614376
99 2891789 2516691
100 1618192 1438133

Iterations: 19999
Created Labels: 456069354
  initially dominated: 61.9536% (=282551433)
    via candidate shortcut: 25.6343% (=72430077)
  initially non-dominated: 38.0464% (=173517921)
    finally dominated: 10.9622% (=19021462)
LabelSet sizes: 
  avg: 584
  max: 8228
ParetoQueue sizes: 
  avg: 711367
  max: 1475541
Pareto Optimal Elements: 
  avg: 7660
  max: 13874
Identical Target Nodes per Iteration: 
  avg: 2
  max: 98
# LabelSet Modifications
0 5002338
1 12037315
2 6181463
3 4081323
4 3121998
5 2620398
6 2288319
7 2024655
8 1854133
9 1638573
10 1541529
11 1454257
12 1321836
13 1353773
14 1249247
15 1167253
16 1138775
17 1185019
18 1134787
19 1118860
20 1179323
21 1146509
22 1145731
23 1148479
24 1178074
25 1302339
26 1282013
27 1311300
28 1343977
29 1434377
30 1406742
31 1404158
32 1413496
33 1565351
34 1424261
35 1464853
36 1483206
37 1479901
38 1656281
39 1649653
40 1679465
41 1583177
42 1558229
43 1563917
44 1559947
45 1565054
46 1578062
47 1621123
48 1686476
49 1722795
50 2136045
51 1813099
52 1852061
53 1876579
54 1904599
55 1961839
56 2077981
57 2157714
58 2188939
59 2270376
60 2390925
61 2363438
62 2327879
63 2475501
64 2533554
65 2593370
66 2555481
67 2712352
68 2433057
69 2383655
70 2336146
71 2304740
72 2148852
73 2172526
74 2093723
75 2219555
76 1984709
77 1941868
78 2006342
79 2054790
80 2228682
81 2137940
82 2139785
83 2228117
84 2139191
85 2288916
86 2586898
87 2593502
88 2974794
89 3177057
90 3089704
91 2577162
92 2178966
93 2098461
94 2082764
95 2115486
96 2398233
97 3192147
98 5101461
99 11108962
100 15173687
# ParetoQueue Insertions, Deletions
0 548063 2215199
1 1620303 2186770
2 1686501 1892534
3 1743505 1812288
4 1821277 1791920
5 1864144 1832183
6 1900387 1861363
7 1908722 1863864
8 1925335 1881132
9 1902503 1893853
10 1905567 1893231
11 1938155 1905304
12 1983637 1936468
13 2035484 1981888
14 2046796 1993315
15 2071594 2033591
16 2086178 2052580
17 2128645 2092914
18 2141129 2109914
19 2149404 2137304
20 2147121 2125307
21 2192475 2152149
22 2226196 2183596
23 2254390 2236609
24 2286472 2269225
25 2296230 2281063
26 2291260 2299858
27 2270198 2283370
28 2264418 2268546
29 2253722 2253092
30 2265550 2256271
31 2273622 2252207
32 2285955 2262738
33 2310441 2274316
34 2301714 2304596
35 2281481 2278906
36 2299944 2287301
37 2323113 2298211
38 2333445 2314200
39 2366096 2329815
40 2392066 2351505
41 2407603 2381994
42 2436586 2386303
43 2473667 2432482
44 2459843 2456386
45 2471873 2448772
46 2503679 2470124
47 2505512 2475750
48 2541031 2484945
49 2541900 2515754
50 2548461 2524877
51 2548100 2532187
52 2580890 2530736
53 2612739 2565703
54 2610121 2609164
55 2580507 2559977
56 2616399 2573626
57 2592784 2576472
58 2612747 2596355
59 2613369 2584327
60 2612104 2586324
61 2583348 2566830
62 2602969 2564348
63 2601909 2599437
64 2594609 2583398
65 2639196 2593425
66 2613089 2617587
67 2607419 2589815
68 2613413 2587282
69 2626230 2608068
70 2607513 2585915
71 2615572 2612588
72 2608302 2590466
73 2608840 2608075
74 2583766 2593105
75 2542603 2549923
76 2516874 2548544
77 2482962 2506864
78 2488853 2449608
79 2489104 2499351
80 2470652 2475194
81 2492359 2471704
82 2473484 2472958
83 2496952 2470382
84 2521341 2495898
85 2521873 2515497
86 2534276 2482825
87 2529797 2471071
88 2506890 2449446
89 2525634 2424344
90 2572431 2338886
91 2532026 2317322
92 2500801 2404485
93 2635651 2495455
94 2774784 2609957
95 2781033 2735811
96 2785808 2748264
97 2964872 3022060
98 3233892 3314887
99 3579952 3067283
100 1945573 1749783

Iterations: 24999
Created Labels: 624483131
  initially dominated: 61.4722% (=383883326)
    via candidate shortcut: 28.396% (=109007385)
  initially non-dominated: 38.5278% (=240599805)
    finally dominated: 10.5542% (=25393485)
LabelSet sizes: 
  avg: 814
  max: 8228
ParetoQueue sizes: 
  avg: 778473
  max: 1475541
Pareto Optimal Elements: 
  avg: 8569
  max: 13874
Identical Target Nodes per Iteration: 
  avg: 2
  max: 98
# LabelSet Modifications
0 8070338
1 14910984
2 8244098
3 5838584
4 4707585
5 3997832
6 3448299
7 3060062
8 2771059
9 2460448
10 2291336
11 2162418
12 1973563
13 1995011
14 1854073
15 1747418
16 1676933
17 1714493
18 1666206
19 1642763
20 1688981
21 1619775
22 1595895
23 1592630
24 1598434
25 1719577
26 1672985
27 1707381
28 1735767
29 1827059
30 1766322
31 1750787
32 1768897
33 1922139
34 1759211
35 1793583
36 1810777
37 1795886
38 1991900
39 1977630
40 2006723
41 1889520
42 1855127
43 1860178
44 1852201
45 1840599
46 1837472
47 1869398
48 1925679
49 1936964
50 2364089
51 1982244
52 2010131
53 2033303
54 2059149
55 2108967
56 2218718
57 2295850
58 2315480
59 2395784
60 2515503
61 2489957
62 2452701
63 2609236
64 2669489
65 2740821
66 2724299
67 2943237
68 2645476
69 2611329
70 2574577
71 2541484
72 2374153
73 2399893
74 2325180
75 2471349
76 2230678
77 2203452
78 2270929
79 2328991
80 2513440
81 2418026
82 2394039
83 2506693
84 2403022
85 2556761
86 2891976
87 2906200
88 3306329
89 3466846
90 3351233
91 2814094
92 2444044
93 2383593
94 2426774
95 2634400
96 3271768
97 4299694
98 6690734
99 15010742
100 32586618
# ParetoQueue Insertions, Deletions
0 764315 2756725
1 2241520 2830826
2 2363567 2568788
3 2448718 2485584
4 2575437 2528872
5 2616274 2580390
6 2674479 2640910
7 2759428 2710683
8 2769829 2737652
9 2797250 2778206
10 2810072 2771785
11 2777428 2799410
12 2716562 2730936
13 2785572 2739556
14 2830727 2762986
15 2838126 2821841
16 2869913 2844551
17 2940687 2892584
18 2972802 2947248
19 2914747 2935577
20 2911841 2894058
21 2942551 2910009
22 2932337 2907945
23 2955117 2945362
24 2971225 2965477
25 2972894 2969540
26 2962473 2979306
27 2926826 2938867
28 2924847 2918471
29 2931296 2928156
30 2949215 2933407
31 2971917 2937989
32 2982702 2959982
33 3021230 2976783
34 3008292 3026265
35 3002590 3004202
36 3024910 3005428
37 3071111 3021243
38 3087285 3065034
39 3123499 3078544
40 3154025 3111251
41 3161718 3134598
42 3176833 3133389
43 3228907 3184228
44 3217170 3210959
45 3239217 3199811
46 3281518 3244008
47 3272963 3257729
48 3292130 3242863
49 3291819 3271347
50 3275098 3266249
51 3279760 3270517
52 3276714 3254010
53 3302339 3268712
54 3291263 3304553
55 3248076 3242374
56 3276271 3248169
57 3248198 3236333
58 3262480 3254882
59 3245373 3227982
60 3244404 3213687
61 3216625 3210197
62 3223875 3197759
63 3219381 3224326
64 3209995 3201024
65 3259080 3215609
66 3236275 3237550
67 3223169 3217306
68 3211473 3206016
69 3206662 3204819
70 3183163 3163491
71 3188900 3181045
72 3171981 3158003
73 3169222 3178563
74 3141200 3147654
75 3095813 3104774
76 3063065 3100977
77 3032130 3052002
78 3039489 2998324
79 3045346 3050660
80 3034082 3026469
81 3059200 3029878
82 3040082 3035443
83 3068272 3017795
84 3089288 3049279
85 3084877 3062435
86 3091089 3034729
87 3093547 3019807
88 3084347 2989532
89 3112244 2996609
90 3172075 2924011
91 3133634 2894983
92 3132683 2942497
93 3264932 3024847
94 3389828 3160526
95 3382484 3293832
96 3411036 3399238
97 3590289 3597295
98 3850878 3912445
99 4180773 3657847
100 2225044 2009877

Iterations: 29999
Created Labels: 787960908
  initially dominated: 60.9073% (=479925493)
    via candidate shortcut: 32.9715% (=158238801)
  initially non-dominated: 39.0927% (=308035415)
    finally dominated: 9.96967% (=30710120)
LabelSet sizes: 
  avg: 1049
  max: 9498
ParetoQueue sizes: 
  avg: 793102
  max: 1475541
Pareto Optimal Elements: 
  avg: 9214
  max: 13874
Identical Target Nodes per Iteration: 
  avg: 2
  max: 119
# LabelSet Modifications
0 8799174
1 15495862
2 8684360
3 6216987
4 5036068
5 4309206
6 3710909
7 3269319
8 2940623
9 2612927
10 2433978
11 2297773
12 2100058
13 2127754
14 1989232
15 1904141
16 1839985
17 1908184
18 1884974
19 1892103
20 1966785
21 1909386
22 1888983
23 1903411
24 1924701
25 2063971
26 2026688
27 2047418
28 2062475
29 2126627
30 2041412
31 2007790
32 2017628
33 2170263
34 1986700
35 2017498
36 2030886
37 1997311
38 2194868
39 2156934
40 2182709
41 2058283
42 2020441
43 2026429
44 2014379
45 1998248
46 1997807
47 2020374
48 2067652
49 2073706
50 2529160
51 2117179
52 2144864
53 2164303
54 2186700
55 2233388
56 2342662
57 2417925
58 2432217
59 2510426
60 2633048
61 2603943
62 2557750
63 2718361
64 2773615
65 2846551
66 2828391
67 3072178
68 2757414
69 2725579
70 2689168
71 2659974
72 2491443
73 2519334
74 2441264
75 2607821
76 2363277
77 2339293
78 2414142
79 2468692
80 2662582
81 2565035
82 2556648
83 2687516
84 2570459
85 2739700
86 3085669
87 3099046
88 3520376
89 3689641
90 3581360
91 3070360
92 2765052
93 2786196
94 2878824
95 3152389
96 3923564
97 5297700
98 8414349
99 19912795
100 63277722
# ParetoQueue Insertions, Deletions
0 1138280 3378652
1 3077530 3683991
2 3168904 3388972
3 3245840 3309302
4 3373612 3338381
5 3381113 3388766
6 3401178 3406552
7 3495429 3467268
8 3454492 3466825
9 3474154 3490796
10 3467149 3453839
11 3422120 3482145
12 3369580 3405430
13 3443628 3403161
14 3473125 3421732
15 3454187 3481278
16 3488745 3469996
17 3583305 3529009
18 3614865 3601604
19 3537448 3580531
20 3541189 3533066
21 3575266 3536733
22 3552077 3542115
23 3551307 3563329
24 3564287 3567589
25 3586771 3576358
26 3570722 3597126
27 3538201 3544907
28 3526012 3530526
29 3540688 3539963
30 3561282 3556715
31 3569950 3551699
32 3589246 3568591
33 3608222 3593931
34 3563327 3618086
35 3554855 3566559
36 3575178 3569931
37 3615791 3579581
38 3626577 3610721
39 3663046 3623660
40 3679650 3655827
41 3683638 3663025
42 3695079 3662998
43 3741086 3707796
44 3731316 3730790
45 3748147 3723253
46 3785744 3752228
47 3768116 3768374
48 3780949 3748408
49 3782197 3776475
50 3775285 3768482
51 3780479 3779534
52 3773115 3757906
53 3803321 3767848
54 3788587 3803510
55 3747947 3748162
56 3774449 3746864
57 3753706 3733074
58 3764785 3757645
59 3748431 3730304
60 3755374 3719831
61 3724890 3718297
62 3729952 3711425
63 3732137 3730203
64 3725110 3712644
65 3767270 3730268
66 3750449 3753653
67 3732699 3733725
68 3725756 3719116
69 3724792 3713486
70 3701167 3683302
71 3707873 3696405
72 3690600 3674855
73 3693694 3693880
74 3663779 3672784
75 3620400 3631596
76 3592097 3627956
77 3561446 3573631
78 3570141 3521075
79 3577644 3580988
80 3559080 3554755
81 3587240 3554866
82 3573278 3561863
83 3606682 3544960
84 3629407 3572810
85 3631680 3592434
86 3636351 3568515
87 3645200 3536239
88 3650259 3504119
89 3685299 3512023
90 3739092 3449537
91 3684481 3426886
92 3701992 3452465
93 3850932 3578357
94 3986131 3698599
95 3997386 3882876
96 4071959 4024117
97 4250336 4246373
98 4532007 4617365
99 4921795 4326146
100 2554942 2327301

Iterations: 34999
Created Labels: 924592473
  initially dominated: 60.4272% (=558704969)
    via candidate shortcut: 36.5813% (=204381345)
  initially non-dominated: 39.5728% (=365887504)
    finally dominated: 9.44396% (=34554287)
LabelSet sizes: 
  avg: 1253
  max: 10218
ParetoQueue sizes: 
  avg: 779195
  max: 1475541
Pareto Optimal Elements: 
  avg: 9453
  max: 14185
Identical Target Nodes per Iteration: 
  avg: 2
  max: 119
# LabelSet Modifications
0 8799174
1 15495872
2 8684378
3 6217006
4 5036107
5 4309240
6 3710958
7 3269367
8 2940656
9 2612962
10 2434015
11 2297813
12 2100097
13 2127798
14 1989271
15 1904175
16 1840013
17 1908314
18 1885289
19 1892389
20 1967143
21 1910142
22 1890005
23 1905174
24 1926866
25 2067371
26 2030437
27 2051407
28 2067191
29 2132334
30 2048505
31 2014469
32 2025315
33 2177948
34 1992781
35 2023334
36 2035409
37 2000957
38 2197848
39 2158938
40 2184425
41 2059198
42 2021158
43 2027099
44 2015020
45 1998855
46 1998816
47 2021623
48 2069203
49 2075563
50 2532295
51 2119623
52 2147524
53 2167088
54 2188427
55 2234882
56 2343873
57 2419083
58 2433243
59 2511209
60 2633862
61 2604827
62 2558970
63 2720217
64 2775315
65 2848076
66 2829977
67 3074797
68 2759692
69 2728304
70 2692246
71 2663035
72 2494343
73 2522592
74 2444776
75 2612972
76 2370773
77 2349909
78 2431375
79 2491902
80 2685061
81 2595906
82 2588054
83 2716007
84 2608495
85 2784758
86 3126926
87 3141757
88 3561164
89 3726145
90 3611223
91 3101964
92 2799709
93 2831196
94 2936159
95 3253679
96 4181450
97 5647821
98 8946912
99 21549934
100 81806148
# ParetoQueue Insertions, Deletions
0 1261789 3761219
1 3322473 4073301
2 3421258 3708657
3 3510768 3624781
4 3645648 3637436
5 3653990 3678547
6 3682537 3686883
7 3774269 3754845
8 3737682 3743906
9 3753281 3777981
10 3742718 3733821
11 3699324 3758925
12 3647596 3677569
13 3714800 3676255
14 3738361 3688519
15 3715398 3751672
16 3757056 3743498
17 3840994 3792802
18 3867581 3861066
19 3785122 3835871
20 3790029 3788181
21 3827700 3790924
22 3806963 3792231
23 3799471 3817294
24 3800415 3817358
25 3827381 3821980
26 3816789 3841853
27 3781992 3788120
28 3771991 3776387
29 3778451 3781170
30 3799081 3791845
31 3807129 3792344
32 3822561 3809518
33 3836911 3828206
34 3790407 3854063
35 3776978 3793312
36 3796411 3797906
37 3837105 3804289
38 3846965 3834786
39 3881418 3845799
40 3896996 3876818
41 3899991 3879596
42 3909162 3880998
43 3955951 3923098
44 3945265 3946685
45 3959167 3938267
46 3995244 3966757
47 3979848 3979081
48 3992801 3960825
49 3992816 3988890
50 3983479 3979355
51 3984850 3988853
52 3972399 3964105
53 3999248 3972226
54 3985032 4002268
55 3944076 3944184
56 3971213 3940763
57 3953059 3924976
58 3960137 3950891
59 3942137 3922467
60 3949208 3914117
61 3916125 3912054
62 3920084 3905479
63 3922794 3922361
64 3915582 3903479
65 3959086 3921813
66 3945234 3942250
67 3922124 3923405
68 3912364 3906041
69 3912536 3899052
70 3890381 3866856
71 3898393 3879540
72 3877623 3861723
73 3876829 3886551
74 3847097 3853091
75 3802361 3812236
76 3769834 3800447
77 3744626 3745438
78 3750523 3703134
79 3760388 3749343
80 3742887 3705737
81 3770019 3727418
82 3758625 3728703
83 3795812 3697706
84 3810194 3757710
85 3813065 3777442
86 3820807 3741679
87 3832607 3704862
88 3842854 3656752
89 3881144 3675781
90 3927339 3634255
91 3872632 3598616
92 3888562 3629583
93 4039891 3762918
94 4176748 3902229
95 4197359 4065909
96 4270873 4213357
97 4459740 4452851
98 4746967 4825742
99 5142422 4539743
100 2650335 2414989

Iterations: 39999
Created Labels: 976188213
  initially dominated: 60.2919% (=588562475)
    via candidate shortcut: 37.9421% (=223312673)
  initially non-dominated: 39.7081% (=387625738)
    finally dominated: 9.28995% (=36010237)
LabelSet sizes: 
  avg: 1330
  max: 10218
ParetoQueue sizes: 
  avg: 708279
  max: 1475541
Pareto Optimal Elements: 
  avg: 8789
  max: 14185
Identical Target Nodes per Iteration: 
  avg: 2
  max: 119
# LabelSet Modifications
0 8799174
1 15495872
2 8684378
3 6217006
4 5036107
5 4309240
6 3710958
7 3269367
8 2940656
9 2612962
10 2434015
11 2297813
12 2100097
13 2127798
14 1989271
15 1904175
16 1840013
17 1908314
18 1885289
19 1892389
20 1967143
21 1910142
22 1890005
23 1905174
24 1926866
25 2067371
26 2030437
27 2051407
28 2067191
29 2132334
30 2048505
31 2014469
32 2025315
33 2177948
34 1992781
35 2023334
36 2035409
37 2000957
38 2197848
39 2158938
40 2184425
41 2059198
42 2021158
43 2027099
44 2015020
45 1998855
46 1998816
47 2021623
48 2069203
49 2075563
50 2532295
51 2119623
52 2147524
53 2167088
54 2188427
55 2234882
56 2343873
57 2419083
58 2433243
59 2511209
60 2633862
61 2604827
62 2558970
63 2720217
64 2775315
65 2848076
66 2829977
67 3074797
68 2759692
69 2728304
70 2692246
71 2663035
72 2494343
73 2522592
74 2444776
75 2612972
76 2370773
77 2349909
78 2431375
79 2491902
80 2685061
81 2595906
82 2588054
83 2716007
84 2608495
85 2784758
86 3126926
87 3141757
88 3561164
89 3726145
90 3611223
91 3101964
92 2799709
93 2831196
94 2936159
95 3253915
96 4183127
97 5664461
98 8959161
99 21572681
100 82578292
# ParetoQueue Insertions, Deletions
0 1267206 3786672
1 3330038 4097368
2 3425593 3724668
3 3515765 3637916
4 3651679 3649119
5 3659892 3689316
6 3689293 3696375
7 3780840 3763576
8 3744433 3752625
9 3760564 3785802
10 3750238 3741806
11 3707079 3767322
12 3656056 3686052
13 3723248 3684565
14 3746865 3696938
15 3724154 3760061
16 3766113 3751488
17 3849949 3800731
18 3876605 3868953
19 3793856 3844073
20 3799270 3795837
21 3836998 3798776
22 3816198 3800533
23 3808821 3825577
24 3810076 3825342
25 3837419 3830301
26 3827035 3850590
27 3792381 3797241
28 3782273 3785245
29 3788902 3791058
30 3809660 3801733
31 3817342 3802802
32 3832728 3819089
33 3847217 3837564
34 3800024 3864475
35 3786626 3803276
36 3805304 3807161
37 3845932 3813646
38 3855704 3844104
39 3890515 3854188
40 3905274 3885309
41 3907919 3889202
42 3916914 3890652
43 3963625 3932217
44 3953052 3955192
45 3966849 3946467
46 4003316 3974889
47 3988306 3986504
48 4001334 3968287
49 4001316 3996465
50 3991817 3987434
51 3993056 3997275
52 3980239 3972910
53 4007293 3980088
54 3993275 4009477
55 3952547 3951081
56 3979700 3948737
57 3961305 3932680
58 3968459 3958174
59 3950622 3929612
60 3957966 3921029
61 3924569 3919413
62 3928457 3912547
63 3931228 3929475
64 3923903 3910893
65 3967438 3928991
66 3953555 3948416
67 3930567 3929975
68 3920546 3912940
69 3920548 3906452
70 3898205 3874878
71 3906164 3887746
72 3885466 3870350
73 3884514 3894833
74 3855167 3861648
75 3810180 3820531
76 3777539 3808830
77 3752705 3752584
78 3758284 3709722
79 3767864 3757115
80 3751202 3713191
81 3777970 3734455
82 3766265 3735884
83 3803190 3705338
84 3817987 3765202
85 3821040 3784904
86 3828691 3749707
87 3840221 3712935
88 3850232 3664835
89 3889100 3682896
90 3934906 3641971
91 3880462 3606353
92 3895966 3637897
93 4046726 3772776
94 4184751 3910223
95 4204735 4072467
96 4279139 4218117
97 4467286 4459132
98 4753946 4831995
99 5148582 4544112
100 2652252 2416250

Iterations: 41683
Created Labels: 978246494
  initially dominated: 60.2916% (=589800871)
    via candidate shortcut: 37.9922% (=224078125)
  initially non-dominated: 39.7084% (=388445623)
    finally dominated: 9.28004% (=36047901)
LabelSet sizes: 
  avg: 1333
  max: 10218
ParetoQueue sizes: 
  avg: 680209
  max: 1475541
Pareto Optimal Elements: 
  avg: 8454
  max: 14185
Identical Target Nodes per Iteration: 
  avg: 2
  max: 119
1 NY1 750.877 1089 3115.77 3115  # time in [s], target node label count, memory [mb], peak memory [mb] 
# LabelSet Modifications
0 0
1 77
2 201
3 458
4 412
5 649
6 871
7 752
8 883
9 739
10 887
11 1094
12 640
13 1517
14 1573
15 1071
16 768
17 2035
18 1050
19 857
20 2446
21 1019
22 1226
23 851
24 770
25 3563
26 785
27 1167
28 705
29 1942
30 1548
31 1082
32 1064
33 6289
34 359
35 897
36 1406
37 563
38 2002
39 782
40 2487
41 744
42 1080
43 2071
44 1549
45 1220
46 786
47 993
48 785
49 268
50 40834
51 261
52 911
53 1310
54 1057
55 1205
56 1861
57 2239
58 1326
59 967
60 3270
61 937
62 1162
63 2345
64 1765
65 1294
66 497
67 33672
68 1423
69 1878
70 2057
71 3983
72 1298
73 2415
74 1765
75 30388
76 2149
77 2296
78 3717
79 3350
80 28386
81 3253
82 4114
83 25610
84 3111
85 4629
86 24633
87 4339
88 24268
89 22456
90 21393
91 20309
92 30616
93 28648
94 34577
95 38544
96 45363
97 58582
98 70664
99 44258
100 50
# ParetoQueue Insertions, Deletions
0 804 28145
1 3061 23045
2 3762 16331
3 4099 13969
4 4644 12446
5 4867 11412
6 4854 10364
7 4839 9852
8 5288 9341
9 5493 9083
10 5535 8646
11 5784 8886
12 5965 8445
13 6054 8077
14 5971 8217
15 6056 7961
16 6244 7747
17 6220 7532
18 6477 7589
19 6492 7330
20 6598 7466
21 6359 7648
22 6468 7352
23 6767 7315
24 6829 7312
25 6744 7091
26 6882 7098
27 6715 7244
28 6913 7083
29 6994 7192
30 7090 7143
31 7229 7082
32 6996 6894
33 6923 6843
34 7181 6946
35 7188 7114
36 7094 7334
37 7346 6782
38 7034 6667
39 7303 6908
40 7411 6854
41 7342 6708
42 7322 6999
43 7160 6752
44 7373 6524
45 7640 6808
46 7555 6674
47 7495 6680
48 7595 7013
49 7793 6989
50 7781 6941
51 8007 6543
52 7823 6900
53 7800 6888
54 7853 6439
55 8090 6372
56 8014 6337
57 8173 6684
58 8027 6503
59 8202 6455
60 8551 6225
61 8933 6684
62 8766 6952
63 9013 7184
64 8880 7250
65 8949 6923
66 8904 7140
67 8906 6934
68 8876 6695
69 8459 7028
70 8582 6576
71 8905 6447
72 8910 6608
73 8809 6399
74 8837 6572
75 9043 6783
76 9086 6665
77 9478 5998
78 9475 6201
79 9454 6094
80 9824 6328
81 10236 6611
82 10249 6848
83 10308 6763
84 10268 6300
85 10069 6636
86 10110 7149
87 10108 6770
88 9882 6554
89 10000 6426
90 10270 5864
91 10404 6408
92 10416 5339
93 10832 5569
94 11216 6355
95 11533 5195
96 11594 6757
97 11735 5255
98 12197 4316
99 10741 4286
100 4309 998

Iterations: 4999
Created Labels: 1965563
  initially dominated: 59.7706% (=1174828)
    via candidate shortcut: 13.7223% (=161214)
  initially non-dominated: 40.2294% (=790735)
    finally dominated: 9.63192% (=76163)
LabelSet sizes: 
  avg: 2
  max: 223
ParetoQueue sizes: 
  avg: 5905
  max: 33586
Pareto Optimal Elements: 
  avg: 136
  max: 846
Identical Target Nodes per Iteration: 
  avg: 1
  max: 17
# LabelSet Modifications
0 21222
1 191391
2 195621
3 165016
4 135948
5 118573
6 105213
7 96448
8 93424
9 85545
10 80864
11 75207
12 57787
13 80546
14 65648
15 62220
16 54698
17 70260
18 58819
19 57758
20 69751
21 54818
22 55537
23 54365
24 51605
25 65325
26 46609
27 46831
28 45098
29 52657
30 49202
31 47477
32 45168
33 79471
34 39463
35 45101
36 48957
37 40224
38 56866
39 47223
40 58675
41 51155
42 53168
43 62537
44 59694
45 57027
46 49813
47 51965
48 50637
49 44971
50 165633
51 43631
52 47247
53 51781
54 50483
55 53679
56 58475
57 57680
58 53929
59 54355
60 64208
61 55643
62 57339
63 70849
64 69238
65 72081
66 68650
67 165601
68 77580
69 80726
70 83351
71 94887
72 81512
73 89444
74 91692
75 181865
76 106069
77 109958
78 122218
79 127278
80 197394
81 142636
82 157254
83 223169
84 163372
85 174026
86 235197
87 178796
88 248401
89 245130
90 250514
91 258753
92 302657
93 314957
94 361220
95 408313
96 499473
97 676506
98 1130052
99 2155907
100 1267490
# ParetoQueue Insertions, Deletions
0 27090 224846
1 80892 189316
2 101609 149398
3 108533 137693
4 108734 128320
5 112522 123831
6 111503 119308
7 111355 116141
8 116194 116856
9 120305 116683
10 120275 117755
11 121222 120322
12 123730 118384
13 126187 119923
14 125570 121699
15 125964 121585
16 126952 122511
17 126697 120961
18 125921 123085
19 124881 120151
20 127054 120134
21 131565 123525
22 133409 125174
23 134800 127336
24 138192 129680
25 141777 133679
26 141433 134840
27 141036 134359
28 144431 133657
29 144750 139455
30 147008 140730
31 148408 139855
32 149672 142503
33 151396 143539
34 152406 149764
35 147692 150026
36 146883 144463
37 147817 142723
38 148333 143072
39 152333 145043
40 151670 148633
41 151199 143337
42 153522 146192
43 157455 148471
44 159060 149414
45 161120 154999
46 161743 158084
47 162847 156460
48 166216 160184
49 165222 163426
50 164344 156531
51 165587 160878
52 167478 162807
53 168340 164468
54 166568 164758
55 166200 161442
56 164586 162116
57 164935 162237
58 162380 160457
59 165132 157856
60 167475 160143
61 167419 164678
62 166331 160495
63 171046 163041
64 174728 169523
65 174493 168063
66 174443 168768
67 173291 169246
68 175146 166820
69 180632 172774
70 182203 172829
71 181962 180392
72 180364 175272
73 186256 173351
74 184550 182396
75 182708 178594
76 186154 176445
77 187269 177661
78 185787 181046
79 185664 186092
80 188675 173907
81 187881 188322
82 192356 179654
83 196019 183947
84 203478 183267
85 189793 180150
86 193634 164189
87 180493 192455
88 189940 190160
89 197717 178366
90 194972 168708
91 191302 217799
92 202535 209489
93 205511 198929
94 211636 199571
95 211044 198543
96 213078 184811
97 222461 163966
98 210764 192643
99 222798 137020
100 97079 64598

Iterations: 9999
Created Labels: 40231788
  initially dominated: 60.1479% (=24198566)
    via candidate shortcut: 23.3305% (=5645654)
  initially non-dominated: 39.8521% (=16033222)
    finally dominated: 9.87907% (=1583933)
LabelSet sizes: 
  avg: 54
  max: 1696
ParetoQueue sizes: 
  avg: 83194
  max: 319878
Pareto Optimal Elements: 
  avg: 1413
  max: 5047
Identical Target Nodes per Iteration: 
  avg: 1
  max: 42
# LabelSet Modifications
0 800326
1 2215482
2 1461753
3 1083581
4 853681
5 718589
6 644496
7 589320
8 560292
9 518432
10 476626
11 452249
12 388538
13 435083
14 381453
15 361922
16 339259
17 352340
18 328140
19 315654
20 333860
21 307743
22 313378
23 314880
24 314153
25 341233
26 306618
27 311091
28 311807
29 328221
30 325901
31 330282
32 327386
33 398132
34 338904
35 352612
36 359232
37 346734
38 387347
39 384076
40 412095
41 392447
42 391849
43 410895
44 397929
45 393544
46 381983
47 379927
48 379953
49 363074
50 553362
51 354266
52 358048
53 361663
54 364242
55 365964
56 365910
57 371940
58 366606
59 373576
60 397393
61 390876
62 410417
63 448806
64 439884
65 440497
66 428623
67 575256
68 434082
69 435847
70 436611
71 449089
72 423143
73 432458
74 420429
75 538120
76 417549
77 421273
78 421095
79 402005
80 497419
81 398148
82 402489
83 486295
84 384684
85 400201
86 492260
87 404997
88 528424
89 529672
90 551131
91 577689
92 658502
93 704989
94 822307
95 947846
96 1185963
97 1594019
98 2595481
99 5441403
100 5488361
# ParetoQueue Insertions, Deletions
0 111272 633313
1 340094 573062
2 384910 481279
3 421124 451648
4 430524 441089
5 444786 440933
6 448714 446745
7 446319 450968
8 447270 445423
9 455926 443333
10 461485 446159
11 459699 452779
12 458138 450211
13 468847 455127
14 475126 458809
15 476037 463763
16 475234 464788
17 489990 469502
18 491449 481321
19 493651 483962
20 488436 487389
21 495139 482977
22 503457 485245
23 507315 493328
24 515726 494781
25 528490 507935
26 526476 510629
27 535034 514287
28 550230 526903
29 552616 537093
30 549096 540400
31 548141 533704
32 561316 536147
33 565111 547076
34 561773 558489
35 553425 554110
36 552517 543903
37 555101 543901
38 554381 545800
39 561962 548663
40 565764 559146
41 568962 555450
42 576646 565525
43 585420 570716
44 595301 576456
45 604654 585500
46 614856 602227
47 613436 595205
48 613395 606886
49 611195 601605
50 614073 596474
51 619742 600765
52 625517 610283
53 632964 618650
54 631267 620377
55 634078 621269
56 628989 621860
57 633679 626888
58 638163 623716
59 644975 633621
60 643788 636010
61 639265 634730
62 645414 632899
63 657047 635890
64 660579 648513
65 668173 651009
66 668998 659987
67 673245 656593
68 677989 663926
69 680823 666960
70 695241 672966
71 699167 689562
72 694933 682216
73 709739 677511
74 707488 700544
75 707632 692853
76 715243 699945
77 714222 706019
78 726816 713508
79 732932 721928
80 733325 706154
81 739539 730306
82 749055 736599
83 758510 725901
84 769963 760370
85 765201 762496
86 786892 748426
87 769097 782553
88 793877 754101
89 829600 779134
90 814602 791618
91 849822 814819
92 801192 829191
93 825767 780012
94 843242 815244
95 888364 895331
96 920042 861519
97 926753 835483
98 886043 845741
99 911898 771893
100 498091 367818

Iterations: 14999
Created Labels: 161213983
  initially dominated: 61.3687% (=98934961)
    via candidate shortcut: 28.8321% (=28525047)
  initially non-dominated: 38.6313% (=62279022)
    finally dominated: 12.7719% (=7954230)
LabelSet sizes: 
  avg: 205
  max: 4160
ParetoQueue sizes: 
  avg: 261565
  max: 821182
Pareto Optimal Elements: 
  avg: 3567
  max: 10095
Identical Target Nodes per Iteration: 
  avg: 2
  max: 92
# LabelSet Modifications
0 5029267
1 7704585
2 4072525
3 2850229
4 2287916
5 1990347
6 1808335
7 1656280
8 1551870
9 1422503
10 1328295
11 1229154
12 1089149
13 1126950
14 1018558
15 967756
16 922624
17 954988
18 921351
19 904541
20 934778
21 898964
22 895872
23 895323
24 886308
25 905243
26 841116
27 839447
28 831836
29 848155
30 836511
31 856420
32 865726
33 990633
34 928578
35 977117
36 980888
37 955116
38 1003623
39 989821
40 1018199
41 977228
42 954081
43 949980
44 906684
45 876716
46 831620
47 803142
48 776144
49 734020
50 988851
51 689811
52 671095
53 681578
54 685059
55 682255
56 657673
57 637947
58 611149
59 605397
60 606820
61 561083
62 560018
63 602109
64 578282
65 571933
66 548199
67 746571
68 554773
69 546135
70 544348
71 551613
72 519649
73 537482
74 515902
75 666256
76 518777
77 518786
78 526147
79 504836
80 628798
81 503664
82 511663
83 627751
84 513973
85 543457
86 670728
87 587641
88 789066
89 811314
90 884689
91 946361
92 1083148
93 1178085
94 1396809
95 1620537
96 2026183
97 2670786
98 4233621
99 8513362
100 9391450
# ParetoQueue Insertions, Deletions
0 247273 1162848
1 727665 1099183
2 796396 924258
3 883183 884839
4 899810 892043
5 902081 894774
6 912638 894809
7 933338 909765
8 946744 923974
9 963728 929647
10 979020 948055
11 976868 960366
12 980868 963502
13 1004769 968749
14 1037528 994752
15 1043783 1023012
16 1035794 1023733
17 1045235 1014046
18 1051449 1031786
19 1059201 1019811
20 1090309 1059954
21 1101401 1072846
22 1109111 1095173
23 1111218 1099141
24 1114964 1088520
25 1141025 1104952
26 1140099 1122196
27 1134989 1132207
28 1144183 1119672
29 1157960 1132566
30 1144964 1144215
31 1157149 1125187
32 1183863 1151273
33 1198641 1168186
34 1197550 1192513
35 1184852 1190344
36 1171330 1164764
37 1181764 1166258
38 1192672 1173388
39 1197692 1187221
40 1199315 1192951
41 1223186 1198878
42 1227482 1212448
43 1232933 1225157
44 1235428 1220058
45 1248938 1220882
46 1246049 1244242
47 1248922 1216994
48 1264564 1245240
49 1283888 1257706
50 1281065 1262902
51 1298781 1262531
52 1308317 1293274
53 1307952 1302308
54 1307141 1286950
55 1307622 1292058
56 1294822 1294924
57 1315161 1292092
58 1325601 1309777
59 1335432 1320856
60 1321472 1322620
61 1318417 1302751
62 1343863 1317784
63 1373902 1342515
64 1377671 1358818
65 1394143 1379804
66 1416687 1400024
67 1428382 1400243
68 1433461 1427383
69 1387574 1399708
70 1408951 1371242
71 1422300 1414647
72 1412989 1404364
73 1434213 1407850
74 1426964 1424329
75 1425671 1412367
76 1422044 1413477
77 1419115 1408958
78 1443734 1431309
79 1429908 1435619
80 1422878 1402258
81 1396309 1414667
82 1373941 1382909
83 1374741 1352695
84 1396793 1383023
85 1394076 1370953
86 1422201 1356049
87 1414254 1417704
88 1445356 1380606
89 1487783 1388239
90 1484712 1385179
91 1531042 1377102
92 1462278 1568725
93 1567924 1442516
94 1564834 1594378
95 1673655 1537896
96 1718475 1780684
97 1873854 1790563
98 1902048 1782726
99 1984191 1743872
100 993885 829152

Iterations: 19999
Created Labels: 334280836
  initially dominated: 62.0372% (=207378439)
    via candidate shortcut: 30.3279% (=62893460)
  initially non-dominated: 37.9628% (=126902397)
    finally dominated: 11.959% (=15176297)
LabelSet sizes: 
  avg: 422
  max: 4259
ParetoQueue sizes: 
  avg: 432279
  max: 1137729
Pareto Optimal Elements: 
  avg: 5529
  max: 13215
Identical Target Nodes per Iteration: 
  avg: 2
  max: 92
# LabelSet Modifications
0 13240022
1 15236421
2 7389533
3 5102950
4 4050834
5 3468490
6 3139858
7 2838641
8 2658325
9 2406451
10 2237795
11 2051991
12 1858623
13 1884167
14 1709881
15 1609228
16 1534179
17 1556117
18 1505633
19 1464447
20 1488247
21 1437146
22 1426921
23 1412890
24 1394002
25 1421945
26 1332375
27 1320658
28 1299683
29 1304205
30 1293990
31 1327876
32 1339871
33 1481322
34 1389735
35 1444635
36 1442390
37 1449123
38 1554645
39 1567422
40 1589219
41 1535897
42 1485812
43 1448092
44 1398162
45 1318592
46 1253719
47 1260899
48 1245963
49 1186445
50 1465757
51 1077595
52 1032709
53 1026473
54 1013053
55 989122
56 934709
57 928614
58 852970
59 798227
60 772066
61 695426
62 670808
63 711879
64 671884
65 653100
66 618963
67 847773
68 618542
69 606049
70 603542
71 611428
72 570696
73 594416
74 570809
75 741050
76 573767
77 571735
78 585971
79 566262
80 709767
81 572270
82 589545
83 724239
84 600140
85 638733
86 795625
87 709300
88 965401
89 1035199
90 1149936
91 1257710
92 1540953
93 1693081
94 1988100
95 2325797
96 2775760
97 3709748
98 5896217
99 12180551
100 16045105
# ParetoQueue Insertions, Deletions
0 369098 1709685
1 1125881 1633974
2 1231236 1400058
3 1355336 1335464
4 1391021 1364485
5 1400768 1383593
6 1393553 1380302
7 1423659 1381902
8 1454288 1406974
9 1495567 1429178
10 1537634 1483209
11 1548514 1504282
12 1578288 1534768
13 1621836 1560093
14 1694936 1615171
15 1742035 1688255
16 1720134 1721598
17 1695093 1684771
18 1674335 1666676
19 1688784 1646449
20 1744783 1681595
21 1797970 1741764
22 1851760 1806605
23 1869616 1853659
24 1860048 1830935
25 1891544 1856183
26 1870447 1867011
27 1866642 1862139
28 1899380 1870478
29 1919275 1895873
30 1890369 1908803
31 1889118 1871635
32 1887890 1864396
33 1913674 1878974
34 1902974 1907856
35 1893979 1895266
36 1885729 1868211
37 1894184 1884252
38 1899822 1883262
39 1922878 1905251
40 1919068 1922601
41 1935591 1912674
42 1952114 1935320
43 1969081 1949310
44 1991676 1973007
45 2002336 1964586
46 2008560 2012951
47 2016731 1974271
48 2024791 2014759
49 2048242 2016316
50 2067461 2038844
51 2097302 2055440
52 2114144 2100488
53 2124623 2105044
54 2130564 2117818
55 2126493 2107981
56 2109990 2110913
57 2131805 2101507
58 2158491 2136628
59 2153434 2144830
60 2146569 2145984
61 2146640 2132205
62 2184266 2149677
63 2193010 2183215
64 2192527 2167993
65 2228286 2207137
66 2285318 2251945
67 2289533 2263052
68 2300564 2294714
69 2244581 2269356
70 2217164 2212999
71 2200125 2203284
72 2185746 2180513
73 2200286 2178314
74 2187183 2186639
75 2193517 2180119
76 2198298 2186969
77 2199935 2195616
78 2208856 2205946
79 2185499 2205028
80 2159941 2163402
81 2122569 2149774
82 2104402 2110257
83 2119333 2096569
84 2151821 2125802
85 2153126 2125434
86 2183553 2124781
87 2177617 2175824
88 2207096 2126863
89 2252839 2124301
90 2254834 2153395
91 2330910 2124350
92 2259672 2345217
93 2344455 2147919
94 2312134 2274208
95 2405601 2318372
96 2483156 2546312
97 2703562 2588857
98 2887792 2732287
99 3209260 2944716
100 1840429 1611871

Iterations: 24999
Created Labels: 525055762
  initially dominated: 61.7891% (=324427182)
    via candidate shortcut: 31.2498% (=101382957)
  initially non-dominated: 38.2109% (=200628580)
    finally dominated: 11.1006% (=22270929)
LabelSet sizes: 
  avg: 674
  max: 6401
ParetoQueue sizes: 
  avg: 563515
  max: 1175121
Pareto Optimal Elements: 
  avg: 7088
  max: 14511
Identical Target Nodes per Iteration: 
  avg: 2
  max: 92
# LabelSet Modifications
0 26833362
1 26007928
2 12440082
3 8536015
4 6678492
5 5543108
6 4876974
7 4293206
8 4017797
9 3611038
10 3328615
11 3010179
12 2699084
13 2671090
14 2472693
15 2363893
16 2272416
17 2243204
18 2082621
19 1965977
20 1956217
21 1875017
22 1863030
23 1830723
24 1768495
25 1781521
26 1676165
27 1665938
28 1643929
29 1660990
30 1647517
31 1682346
32 1695565
33 1875047
34 1742175
35 1790807
36 1792609
37 1794487
38 1931677
39 1983904
40 2033843
41 1993931
42 1946882
43 1875614
44 1827774
45 1779093
46 1693886
47 1668667
48 1571205
49 1438777
50 1748409
51 1295258
52 1226396
53 1196667
54 1165678
55 1131746
56 1079673
57 1069028
58 988460
59 935724
60 914319
61 828079
62 800350
63 838886
64 789959
65 759250
66 711781
67 947726
68 676639
69 653644
70 647806
71 658669
72 609062
73 638134
74 609724
75 798747
76 617452
77 618484
78 637580
79 619417
80 776352
81 633614
82 659832
83 818234
84 691897
85 748494
86 934267
87 889544
88 1217103
89 1303726
90 1451459
91 1627943
92 1981908
93 2266101
94 2641353
95 3119623
96 3704997
97 4922602
98 7710530
99 15764505
100 24590946
# ParetoQueue Insertions, Deletions
0 534478 2327772
1 1633697 2265417
2 1761375 1962523
3 1922646 1886671
4 1966492 1922855
5 1975574 1946357
6 1991247 1949769
7 2053299 1974625
8 2093941 2020390
9 2163184 2067483
10 2220174 2142832
11 2240300 2179687
12 2296168 2235852
13 2358109 2275223
14 2451169 2364583
15 2505005 2439397
16 2504147 2485824
17 2481160 2477471
18 2479383 2462075
19 2583055 2475269
20 2719602 2616016
21 2824890 2749186
22 2864535 2842728
23 2746176 2778363
24 2772503 2711310
25 2780451 2768801
26 2740782 2730210
27 2729192 2735896
28 2816782 2740766
29 2866422 2841301
30 2842270 2872145
31 2844203 2820432
32 2844939 2798016
33 2847935 2804354
34 2819521 2842273
35 2799116 2806314
36 2777754 2773027
37 2786682 2781664
38 2814220 2780663
39 2837938 2808235
40 2840633 2840411
41 2872542 2841759
42 2869204 2864610
43 2881731 2869797
44 2915934 2892901
45 2938593 2893135
46 2911695 2928342
47 2904099 2871679
48 2926595 2919336
49 2947713 2920444
50 2974327 2939497
51 3011825 2967535
52 3038457 3015042
53 3050446 3031007
54 3078108 3056456
55 3095985 3066657
56 3095351 3087803
57 3118349 3091697
58 3144752 3121463
59 3126152 3129612
60 3103437 3112368
61 3071924 3076087
62 3099544 3059779
63 3105312 3105950
64 3098517 3082911
65 3116018 3112154
66 3149653 3133992
67 3130323 3122615
68 3131646 3130877
69 3081113 3103006
70 3063862 3056516
71 3061885 3064232
72 3055909 3051132
73 3070501 3054896
74 3046034 3059254
75 3038046 3029161
76 3038748 3039399
77 3046580 3037578
78 3070784 3066623
79 3050432 3071925
80 3024179 3041057
81 2986098 3022539
82 2956098 2981721
83 2965316 2954740
84 2998756 2972029
85 2999680 2953135
86 3048202 2986227
87 3050846 3053327
88 3091217 2999688
89 3151320 2990411
90 3145381 3035126
91 3206615 3006212
92 3155751 3197308
93 3238853 3031894
94 3236728 3179419
95 3387730 3095528
96 3326699 3531406
97 3622711 3500722
98 3828206 3532052
99 4263258 3938630
100 2346478 2071572

Iterations: 29999
Created Labels: 739547568
  initially dominated: 61.2339% (=452854171)
    via candidate shortcut: 32.7622% (=148364869)
  initially non-dominated: 38.7661% (=286693397)
    finally dominated: 10.2278% (=29322507)
LabelSet sizes: 
  avg: 973
  max: 9664
ParetoQueue sizes: 
  avg: 686787
  max: 1455938
Pareto Optimal Elements: 
  avg: 8538
  max: 17301
Identical Target Nodes per Iteration: 
  avg: 2
  max: 179
