# Class 1 Grid Instances of [Machuca 2012]
# SequentialParetoSearch_std::vectorParetoQueue
# LabelSet Modifications
#10 200x200 48.4043 1582 -0.8 317.707 317 # time in [s], target node label count, p, memory [mb], peak memory [mb] 
# LabelSet Modifications
0 1725101
1 1230413
2 475207
3 285496
4 203392
5 149482
6 111175
7 88952
8 76577
9 62446
10 55006
11 47068
12 36178
13 37831
14 29999
15 25191
16 19478
17 18755
18 15845
19 15902
20 14672
21 13107
22 10272
23 9429
24 9592
25 9991
26 8008
27 7702
28 7122
29 9025
30 7229
31 6744
32 6128
33 10422
34 4227
35 5382
36 5551
37 4176
38 6457
39 4078
40 5245
41 4132
42 4405
43 4523
44 4185
45 3847
46 3727
47 3246
48 3482
49 2442
50 46965
51 2346
52 2527
53 2574
54 2151
55 2968
56 3570
57 3616
58 3034
59 2614
60 3930
61 2242
62 2374
63 3197
64 2385
65 2369
66 1716
67 42842
68 2391
69 2482
70 2376
71 4020
72 2113
73 2393
74 1733
75 40978
76 2369
77 2109
78 3007
79 2833
80 41412
81 3279
82 3686
83 41089
84 3013
85 3678
86 40573
87 3682
88 42324
89 42382
90 43690
91 48152
92 83018
93 83967
94 117165
95 155734
96 223131
97 380103
98 852852
99 3414365
100 17429462
