# Class 1 Grid Instances of [Machuca 2012]
# SequentialParetoSearch_VectorParetoQueue_VectorLabelSet
# 10 200 200 42.2841 2771 0 540.656 540 0 1000 # time in [s], target node label count, q, memory [mb], peak memory [mb], p, max_costs
# LabelSet Modifications: insertion/deletion, dominance position
0 456959 16794
1 101523 20081
2 86328 30372
3 73743 40255
4 69010 51406
5 64908 60816
6 58983 67801
7 57111 70910
8 57720 75825
9 54751 78916
10 62603 86329
11 62892 90491
12 65833 98738
13 63258 107430
14 66121 116974
15 66375 130268
16 70271 142101
17 66733 151073
18 71149 162522
19 65432 164318
20 85924 180877
21 80567 180655
22 85635 189157
23 86780 194544
24 82582 192381
25 103135 213083
26 91115 210503
27 90379 214827
28 93902 223949
29 86546 223976
30 93389 239170
31 87452 240293
32 87073 249768
33 100921 259125
34 90405 265351
35 99747 274799
36 108416 285994
37 116067 293761
38 124593 305662
39 124677 308205
40 151590 343056
41 151721 349332
42 167461 366647
43 177146 383648
44 197835 407815
45 218559 436832
46 245955 460478
47 271334 482785
48 299894 516571
49 288860 508667
50 375770 615842
51 338906 605365
52 365124 638487
53 389861 660291
54 412370 677106
55 456506 695397
56 492943 711513
57 532183 722245
58 545600 739389
59 553152 734934
60 613977 787878
61 603651 784620
62 624831 794661
63 635974 806256
64 647445 820086
65 656374 832143
66 676828 842881
67 668238 841732
68 692339 850755
69 698298 839144
70 733714 851104
71 739240 836735
72 743986 841141
73 739473 833838
74 707941 802500
75 758367 835896
76 713371 806905
77 680296 796793
78 648804 791788
79 600983 770667
80 623466 805491
81 576522 781956
82 567478 781891
83 569875 779243
84 577567 780512
85 595133 790282
86 609426 788702
87 629576 792751
88 677230 805595
89 700157 800820
90 758152 834326
91 749298 843526
92 772514 865611
93 777845 886202
94 800614 906274
95 855895 929706
96 943342 978827
97 1110778 1042396
98 1567404 1158347
99 3130195 1606256
100 4819499 0