# Class 1 Grid Instances of [Machuca 2012]
# SequentialParetoSearch_std::vectorParetoQueue
# LabelSet Modifications
#10 200x200 48.4043 1582 -0.8 317.707 317 # time in [s], target node label count, p, memory [mb], peak memory [mb] 
# ParetoQueue Insertions, Deletions
0 118058 168844
1 275403 309380
2 285992 302329
3 289189 299548
4 291196 299300
5 291899 299080
6 293492 299452
7 293743 298676
8 294141 299899
9 296195 299790
10 296742 300800
11 296614 301599
12 298555 303075
13 299729 303950
14 300485 304685
15 300469 305515
16 300715 304966
17 301784 306628
18 302605 306007
19 301808 305822
20 302454 305798
21 302336 306886
22 302478 305595
23 302923 306400
24 304216 307094
25 303979 306105
26 303454 306851
27 302936 307815
28 305384 307560
29 304419 308306
30 305950 308470
31 306985 308410
32 307607 309283
33 306769 304936
34 303793 302552
35 301996 302102
36 299785 301006
37 298420 302537
38 301151 305968
39 304936 308006
40 305214 305900
41 302713 300583
42 299128 300445
43 299971 301306
44 299116 302440
45 300752 304096
46 303007 302494
47 301454 300435
48 298212 300237
49 298964 301209
50 299354 301847
51 300536 302586
52 301029 300014
53 299282 301015
54 300710 300712
55 299259 300053
56 298728 300241
57 299261 301194
58 300162 300262
59 298588 299563
60 298748 299347
61 299533 300264
62 297703 299450
63 297942 299222
64 298553 299174
65 298285 298938
66 297204 298475
67 297604 298115
68 297183 298199
69 297379 298009
70 297234 298022
71 296281 296619
72 296571 297669
73 296700 297007
74 295763 296562
75 295979 296779
76 295510 295781
77 295335 296000
78 294801 296085
79 295252 295466
80 294587 293921
81 294917 294282
82 293857 293025
83 294640 293051
84 293838 293213
85 293632 292683
86 293952 292081
87 293331 291627
88 293298 291853
89 292184 290788
90 292601 289861
91 292629 288941
92 292804 287720
93 293376 286301
94 293472 285577
95 292938 284288
96 293436 282659
97 294486 278366
98 302185 268132
99 326098 244451
100 186078 98465

