# Class 1 Grid Instances of [Machuca 2012]
# SequentialSharedHeapLabelSettingAlgorithm_VectorSet_Max
# 10 200x200 135.255 1582 -0.8 700.363 700 0 # time in [s], target node label count, q, memory [mb], peak memory [mb], p 
# LabelSet Modifications: insertion position, dominance position
0 14979596 7698077
1 304294 4481603
2 131947 4506815
3 70240 3785140
4 45352 2925913
5 32845 2211783
6 23065 1685049
7 16624 1302657
8 13574 1054536
9 9945 832319
10 10113 731256
11 8250 590556
12 7002 515221
13 5094 435678
14 5024 377512
15 4252 336326
16 5069 302461
17 2409 258142
18 2920 235001
19 1052 186729
20 4830 216907
21 1891 170329
22 2075 160658
23 1773 139531
24 210 109630
25 5352 150963
26 1009 114441
27 1230 101469
28 1774 102934
29 403 81099
30 1446 94431
31 552 76029
32 10 76318
33 8338 81005
34 9 60566
35 530 62990
36 581 61526
37 1283 56029
38 365 54731
39 0 38374
40 4106 63332
41 451 45139
42 2389 49585
43 45 37746
44 1412 40450
45 670 40982
46 368 36455
47 9 33566
48 0 41730
49 0 1000
50 19941 62348
51 0 37041
52 31 29033
53 569 26483
54 947 26307
55 1679 28071
56 124 23526
57 2893 28780
58 741 25577
59 1 14028
60 5081 35118
61 669 21250
62 1781 25916
63 900 18505
64 799 20932
65 151 22287
66 10201 37784
67 0 11053
68 906 23438
69 890 15988
70 1893 28935
71 2469 18342
72 1873 24935
73 1723 24443
74 149 10852
75 6967 41662
76 2921 33862
77 2896 27440
78 2839 31216
79 941 19320
80 7166 59745
81 4161 37684
82 3641 44843
83 6183 48112
84 5562 56555
85 8067 72188
86 7638 79719
87 8569 80737
88 12752 115564
89 9376 100842
90 19460 179184
91 17778 183624
92 26128 256812
93 32404 322576
94 43767 456684
95 66417 748324
96 107887 1222676
97 193406 2270823
98 473608 6055125
99 1901934 28517271
100 14701906 0