# Class 1 Grid Instances of [Machuca 2012]
# SequentialParetoSearch_VectorParetoQueue
# 10 200 200 18.797 643 0 131.781 131 0 # time in [s], target node label count, q, memory [mb], peak memory [mb], p 
# ParetoQueue Insertions, Deletions
0 44798 68372
1 106439 122093
2 109051 120616
3 110774 119314
4 112133 118757
5 113504 118278
6 113935 118733
7 114108 119019
8 114297 119331
9 114762 119752
10 115152 119619
11 115781 119525
12 116284 119829
13 116576 119742
14 116865 120312
15 117532 120588
16 117583 120246
17 118256 120582
18 118655 120897
19 119121 120524
20 119068 120783
21 119166 121273
22 119711 121793
23 119679 122135
24 119712 122046
25 120339 122449
26 120711 122461
27 120538 122860
28 120853 122251
29 120894 122720
30 121412 123146
31 121814 123161
32 121848 123060
33 122335 123238
34 122627 123071
35 122516 123342
36 123127 122826
37 123355 123251
38 123513 124015
39 123407 123811
40 124169 124501
41 123054 124524
42 123502 125439
43 123031 125560
44 123478 126200
45 123441 126076
46 124206 125577
47 124241 126114
48 124103 125362
49 124499 125914
50 123963 125118
51 124326 125009
52 124246 124590
53 123402 124942
54 123289 124901
55 122169 124837
56 123034 124646
57 123048 124076
58 123450 123716
59 122725 123412
60 122962 123261
61 123300 124235
62 122425 123167
63 122833 123077
64 123466 123722
65 122921 122435
66 122664 123307
67 122103 122405
68 121860 121941
69 122206 122268
70 121792 122550
71 121103 122339
72 121620 122335
73 121647 122048
74 122289 121734
75 121815 120818
76 122004 121338
77 121669 121034
78 121431 120365
79 121339 120217
80 121654 119474
81 121395 119001
82 121244 119310
83 120817 118991
84 120837 118132
85 121616 117488
86 121477 116976
87 120847 116655
88 121613 116451
89 121405 115283
90 120875 115465
91 121311 113874
92 121540 113026
93 120809 113452
94 120334 112605
95 120477 111242
96 120597 110799
97 121492 109276
98 124112 105485
99 129046 99113
100 67689 41215
