# Class 1 Grid Instances of [Machuca 2012]
# SequentialParetoSearch_VectorParetoQueue_VectorLabelSet
# 10 200 200 42.2841 2771 0 540.656 540 0 1000 # time in [s], target node label count, q, memory [mb], peak memory [mb], p, max_costs
# ParetoQueue Insertions, Deletions
0 161866 607347
1 369167 570114
2 421859 490975
3 456547 479094
4 475782 473650
5 480034 475619
6 480303 474545
7 482791 480138
8 477995 480488
9 477261 473970
10 476485 475040
11 473872 471173
12 474581 469560
13 473179 469110
14 472280 469735
15 470482 467036
16 468134 465925
17 468933 459003
18 475435 457089
19 473085 453662
20 476492 449829
21 482162 457403
22 484693 455905
23 479548 468161
24 472837 464903
25 472669 465919
26 481143 461818
27 478810 467598
28 476681 478659
29 471809 478840
30 472420 482396
31 477584 481893
32 486095 485115
33 486469 483413
34 487861 491268
35 488169 490063
36 484176 485769
37 484186 478855
38 479445 484979
39 478053 484184
40 474878 489740
41 476767 470575
42 475143 479406
43 467490 481156
44 464285 467282
45 468422 463837
46 469932 459511
47 469628 461252
48 467241 465853
49 464037 463289
50 467920 457192
51 467646 455281
52 469538 460653
53 470278 457134
54 471104 467558
55 471967 469386
56 472805 473093
57 474899 471876
58 475494 467968
59 476470 466976
60 470151 474265
61 468987 467038
62 468516 472533
63 472374 456106
64 474878 456978
65 472634 457143
66 469716 458251
67 467062 455859
68 466401 448183
69 463434 447358
70 458046 452603
71 460540 453282
72 459019 452231
73 455967 452350
74 453478 449880
75 450312 451872
76 454251 444936
77 452864 450655
78 453892 450544
79 452985 452177
80 452433 451726
81 454272 451709
82 452309 448344
83 450724 455695
84 451720 449211
85 447338 446485
86 444155 437342
87 443624 430883
88 439947 430592
89 438170 428829
90 440418 426070
91 443572 418968
92 440745 414888
93 436180 413778
94 433901 411546
95 431322 410315
96 432612 403766
97 433555 397774
98 430971 395903
99 428035 397834
100 231047 194712