# Class 1 Grid Instances of [Machuca 2012]
# SequentialParetoSearch_std::vectorParetoQueue
0 68625168
1 8824324
2 3604455
3 1937476
4 1215731
5 848565
6 609453
7 463406
8 388284
9 305709
10 275536
11 221707
12 192934
13 162364
14 145931
15 128863
16 117948
17 99194
18 92893
19 70583
20 77172
21 60473
22 52464
23 43622
24 33360
25 41243
26 30086
27 27241
28 25718
29 20343
30 23629
31 14951
32 13556
33 14473
34 10755
35 10311
36 9978
37 7545
38 9176
39 6642
40 9721
41 6584
42 6901
43 5312
44 5168
45 4393
46 4659
47 3872
48 3241
49 1405
50 258941
51 2956
52 4603
53 3890
54 3626
55 3379
56 2775
57 3615
58 3191
59 1925
60 4905
61 3366
62 3624
63 3054
64 3631
65 3144
66 253772
67 3291
68 4544
69 4037
70 5177
71 4956
72 4125
73 3645
74 2896
75 254130
76 4700
77 5665
78 5679
79 4726
80 255725
81 7182
82 7019
83 256445
84 10664
85 257940
86 12195
87 258509
88 262568
89 16296
90 509500
91 264970
92 511206
93 512260
94 757415
95 1244794
96 2212990
97 3881221
98 11504545
99 355454126
