# Class 1 Grid Instances of [Machuca 2012]
# SequentialParetoSearch_VectorParetoQueue_VectorLabelSet
# 10 200 200 1.83428 102 0.8 107.805 107 0 1000 # time in [s], target node label count, q, memory [mb], peak memory [mb], p, max_costs
# ParetoQueue Insertions, Deletions
0 7698 122743
1 17753 94116
2 18327 64926
3 18498 52994
4 18810 46343
5 19124 42315
6 19508 38438
7 19889 36196
8 20365 34400
9 19970 33252
10 20645 32160
11 20777 30407
12 21333 29174
13 20964 28860
14 21625 28226
15 21639 27771
16 21767 27071
17 21940 26413
18 22305 25370
19 22156 24505
20 22913 24046
21 22898 23664
22 23605 23108
23 23836 23087
24 24168 23386
25 24092 22447
26 24630 22132
27 24918 22043
28 25361 22498
29 25543 22254
30 26151 21949
31 26634 21923
32 27057 22176
33 27500 22429
34 28032 22158
35 28384 22513
36 28976 22986
37 29499 23042
38 30100 22313
39 31071 22628
40 31134 22802
41 31578 22792
42 31318 23571
43 31314 23760
44 31644 23528
45 31727 24016
46 31947 24425
47 31713 24610
48 31642 25143
49 31452 25483
50 31635 25377
51 31304 25718
52 31198 26422
53 30618 26404
54 30449 26302
55 30418 26332
56 29852 26390
57 29907 26665
58 29844 26149
59 29687 26202
60 29652 26228
61 29317 25352
62 29006 25400
63 29829 25185
64 29749 25677
65 29625 25276
66 30054 24929
67 30237 25100
68 30061 24859
69 30340 24887
70 30413 25209
71 30613 24959
72 30719 24847
73 30652 25184
74 30808 24986
75 30953 24838
76 30983 25404
77 31234 25113
78 31280 25251
79 31512 25913
80 31307 26181
81 31156 26102
82 30979 26293
83 31139 26455
84 30912 27061
85 30554 27278
86 30496 27598
87 30230 26637
88 30015 25942
89 30520 24957
90 30522 24703
91 30993 23407
92 31356 22693
93 32351 22265
94 33462 21825
95 34456 21903
96 35713 21787
97 36141 22010
98 35438 23656
99 33120 25071
100 19606 9372