# Class 1 Grid Instances of [Machuca 2012]
# SequentialParetoSearch_VectorParetoQueue
# 10 200 200 18.797 643 0 131.781 131 0 # time in [s], target node label count, q, memory [mb], peak memory [mb], p 
# LabelSet Modifications: insertion/deletion, dominance position
0 4782757 693977
1 103359 646175
2 67160 666465
3 46534 602789
4 35913 513298
5 30364 430873
6 26381 356931
7 21216 299073
8 18712 258861
9 15567 214290
10 16205 198807
11 14992 168136
12 14169 153093
13 10204 133213
14 12287 118152
15 9815 108278
16 10905 98660
17 8707 88979
18 10157 82921
19 5850 69002
20 12502 77036
21 8706 65585
22 8526 62019
23 8925 57738
24 4652 50054
25 14303 59391
26 7260 50465
27 7364 47302
28 10528 46211
29 6428 41376
30 7109 44354
31 7695 38670
32 4716 37942
33 12734 36362
34 5295 33922
35 5485 33243
36 6442 32261
37 12550 29971
38 6117 28833
39 5323 23919
40 8972 29936
41 6104 25002
42 8523 25037
43 4657 22936
44 6155 22625
45 4291 22873
46 5055 21840
47 3944 20928
48 3571 21449
49 1291 13108
50 17965 29110
51 3444 19801
52 4294 21215
53 4568 20510
54 4420 20546
55 5067 21340
56 4480 22050
57 5968 22351
58 4687 22787
59 2702 20108
60 6967 27763
61 4726 24918
62 5043 26953
63 4313 26320
64 4117 27978
65 4113 29711
66 9549 31662
67 3364 29799
68 4434 32614
69 4102 31653
70 5353 36925
71 7051 36094
72 5438 39010
73 4874 39248
74 3657 36254
75 11825 49440
76 6373 47821
77 7624 49115
78 6809 52830
79 4694 50614
80 12507 65737
81 8970 63779
82 7796 69185
83 11363 73046
84 10427 80436
85 12518 88224
86 11766 96717
87 13701 104945
88 17409 120816
89 13525 130632
90 22180 161433
91 20800 179719
92 25996 215438
93 29291 253992
94 35863 304039
95 44309 384897
96 63809 501164
97 83956 695782
98 133239 1219310
99 155694 1875327
100 5171999 0