# Class 1 Grid Instances of [Machuca 2012]
# SequentialSharedHeapLabelSettingAlgorithm_VectorSet_Lex
# 10 200x200 64.2664 1582 -0.8 721.176 721 0 # time in [s], target node label count, q, memory [mb], peak memory [mb], p 
# LabelSet Modifications: insertion position, dominance position
0 11049 7529
1 0 0
2 0 0
3 0 0
4 0 0
5 0 0
6 0 0
7 0 0
8 0 100
9 22 287
10 86 529
11 231 779
12 480 1100
13 0 0
14 818 1304
15 0 163
16 1288 2104
17 0 0
18 126 763
19 0 0
20 2140 2972
21 0 221
22 516 1585
23 31 537
24 0 0
25 3398 5039
26 0 248
27 255 1531
28 1409 3056
29 0 0
30 577 3309
31 0 285
32 0 0
33 5278 10119
34 0 0
35 110 1704
36 496 2527
37 1277 4132
38 249 2459
39 0 0
40 3364 7806
41 523 3894
42 2140 6309
43 102 1585
44 1423 4944
45 811 4228
46 717 6008
47 110 2979
48 0 0
49 0 0
50 11240 36107
51 0 0
52 330 5918
53 1352 8861
54 1330 6949
55 2145 10299
56 488 5540
57 3404 15627
58 1807 11430
59 78 2215
60 5083 22804
61 1996 14855
62 3337 15471
63 2609 15163
64 2361 16147
65 799 10751
66 11162 55140
67 97 3451
68 3075 24606
69 2494 17780
70 5373 35636
71 5123 29454
72 5335 35855
73 4802 35051
74 799 11317
75 11774 79044
76 7900 56559
77 7044 49935
78 7749 59577
79 3174 29828
80 16174 121404
81 10971 80947
82 10909 88675
83 14506 121104
84 15189 118127
85 20565 173010
86 21425 166566
87 23000 204872
88 33438 280053
89 27316 233679
90 51274 452244
91 50568 448162
92 73495 654615
93 93378 825348
94 128419 1149526
95 197741 1763366
96 323574 2902201
97 566237 5294618
98 1296141 13385168
99 3801554 47776513
100 28025979 0
