# Class 1 Grid Instances of [Machuca 2012]
# SequentialParetoSearch_std::vectorParetoQueue
# LabelSet Modifications
#10 200x200 48.4043 1582 -0.8 317.707 317 # time in [s], target node label count, p, memory [mb], peak memory [mb] 
# ParetoQueue Insertions, Deletions
0 116810 160517
1 268632 303988
2 278325 295813
3 282305 294737
4 284173 295200
5 285686 294463
6 287474 294184
7 288652 293737
8 289513 295277
9 290464 295198
10 290914 296074
11 292125 296019
12 292739 297450
13 292401 296758
14 292605 297655
15 293214 296963
16 293425 297383
17 294022 297193
18 294627 297157
19 293550 297094
20 293940 296623
21 294368 297508
22 294660 297508
23 294682 297346
24 294625 296686
25 293439 296708
26 294353 298954
27 297231 301333
28 297996 301113
29 299527 300359
30 298490 298983
31 296918 295730
32 293658 294076
33 292244 295154
34 292473 296293
35 295202 299402
36 297589 299625
37 298946 298639
38 296405 295439
39 293715 295882
40 295311 297618
41 295300 296346
42 295749 297363
43 295919 296952
44 294894 299011
45 297616 298086
46 294637 297063
47 296318 296884
48 295560 298919
49 298132 301051
50 298523 299263
51 296498 298177
52 297010 300621
53 298592 299885
54 298039 297895
55 295585 296717
56 295113 296306
57 296904 297275
58 294885 294615
59 294217 294743
60 294656 296521
61 294624 295342
62 294753 294198
63 292771 295221
64 293572 294175
65 293759 294600
66 293437 294608
67 292189 294074
68 292969 293279
69 292771 293461
70 292183 293116
71 291837 292334
72 292890 292463
73 291112 292583
74 291391 291814
75 290995 291318
76 291208 292306
77 290604 290724
78 289981 290744
79 290864 290293
80 289554 289819
81 289923 289004
82 289166 288397
83 288716 288156
84 288283 287826
85 287957 286678
86 288398 286278
87 287392 285787
88 287170 285260
89 286940 283448
90 287126 282693
91 287220 281797
92 287184 281433
93 286897 279988
94 288130 278124
95 288203 276041
96 289741 274197
97 292235 270047
98 297871 263346
99 309317 249085
100 184366 95686

