# Class 1 Grid Instances of [Machuca 2012]
# SequentialParetoSearch_VectorParetoQueue_VectorLabelSet
# 10 200 200 1228.12 26795 -0.8 4035.58 4035 0 1000 # time in [s], target node label count, q, memory [mb], peak memory [mb], p, max_costs
# ParetoQueue Insertions, Deletions
0 1486890 3981677
1 3730333 4457950
2 4108168 4229180
3 4238249 4240450
4 4365920 4298548
5 4454637 4384494
6 4540497 4458426
7 4535776 4489421
8 4562980 4501672
9 4574741 4534215
10 4582669 4549597
11 4633508 4577499
12 4654248 4609585
13 4660346 4624735
14 4712368 4623722
15 4762885 4682747
16 4757867 4707556
17 4732874 4685143
18 4733769 4676619
19 4751295 4645670
20 4662735 4638442
21 4531413 4635929
22 4504381 4627564
23 4384112 4593038
24 4447001 4461832
25 4497903 4458930
26 4488787 4469701
27 4486605 4460529
28 4478526 4472740
29 4456387 4459696
30 4452489 4459525
31 4463637 4474841
32 4454955 4438110
33 4445750 4445579
34 4445049 4445068
35 4437736 4422382
36 4402237 4431619
37 4370365 4394315
38 4367266 4362614
39 4349120 4337024
40 4358437 4321666
41 4360284 4296132
42 4343424 4297658
43 4320426 4269828
44 4298537 4237168
45 4250321 4251350
46 4231057 4276942
47 4265773 4247976
48 4239804 4264948
49 4235467 4220914
50 4233015 4191226
51 4228632 4161760
52 4207694 4142988
53 4174428 4135869
54 4178004 4121508
55 4170072 4108061
56 4119474 4092699
57 4131000 4036596
58 4102364 3978516
59 4081187 4029387
60 4096638 4039910
61 4087442 4122875
62 4104090 4092177
63 4129280 4087647
64 4128207 4124113
65 4186685 4136562
66 4198456 4156872
67 4203706 4182513
68 4198617 4192232
69 4240880 4165658
70 4254569 4217721
71 4276397 4236544
72 4287191 4292291
73 4281077 4277028
74 4262705 4291587
75 4289918 4293219
76 4308894 4302057
77 4352463 4310952
78 4377839 4340580
79 4389744 4375290
80 4402481 4360207
81 4396396 4376468
82 4396064 4356828
83 4394231 4326532
84 4384808 4299485
85 4363827 4276558
86 4315053 4244439
87 4282999 4216891
88 4244787 4203568
89 4220368 4184947
90 4203790 4179870
91 4189365 4167553
92 4181390 4155068
93 4169373 4153482
94 4160494 4126673
95 4155829 4078213
96 4106700 4021561
97 4067160 4012681
98 4050361 3930002
99 4007519 3841882
100 2102137 1803493
