# Class 1 Grid Instances of [Machuca 2012]
# SequentialParetoSearch_VectorParetoQueue
# 10 200x200 38.9123 1582 -0.8 336.605 336 0 # time in [s], target node label count, q, memory [mb], peak memory [mb], p 
# LabelSet Modifications: insertion/deletion, dominance position
0 3722065 874900
1 117076 720283
2 105460 573740
3 95469 430445
4 93111 331656
5 93574 264792
6 91703 220888
7 91379 191004
8 93598 173209
9 90700 154957
10 82076 147562
11 62598 126332
12 51871 114499
13 47259 102704
14 46125 95680
15 45365 91464
16 46532 87371
17 45810 81547
18 43586 79123
19 39525 71170
20 44077 78596
21 41988 70841
22 38510 69569
23 39539 65829
24 37385 60694
25 50394 68298
26 48086 62197
27 42822 59905
28 38307 60797
29 36888 57997
30 45217 62113
31 59607 59214
32 58950 60236
33 57848 60979
34 52417 58570
35 59896 58691
36 57531 57173
37 53790 55380
38 51074 55871
39 46272 52073
40 48725 58923
41 46267 55327
42 45292 55833
43 41862 55526
44 43846 56044
45 46324 56927
46 42591 56348
47 43780 55962
48 40680 56987
49 34536 47712
50 51532 67549
51 40355 57350
52 40778 59427
53 42060 59398
54 40824 59805
55 42946 62095
56 42376 63817
57 44892 65095
58 44717 67516
59 42308 64686
60 47851 74379
61 47645 72738
62 51274 75529
63 51880 77476
64 51005 81192
65 51754 87422
66 55311 94952
67 48416 95622
68 51755 102055
69 52814 107004
70 60873 118566
71 69326 119959
72 75428 124370
73 81075 126098
74 80894 119802
75 92610 131316
76 91058 126843
77 95117 128908
78 95800 133035
79 93330 131463
80 95198 146426
81 81745 144225
82 79088 155796
83 79427 169417
84 79882 186111
85 79328 207704
86 75406 229262
87 74206 255516
88 76056 282018
89 71999 297182
90 84863 350600
91 90891 392981
92 106126 448909
93 120345 518881
94 131571 627126
95 142743 782649
96 166808 1038535
97 213765 1488766
98 352285 2561294
99 1109645 6735126
100 17651052 0
