# Class 1 Grid Instances of [Machuca 2012]
# SequentialParetoSearch_VectorParetoQueue_VectorLabelSet
# 10 200 200 1228.12 26795 -0.8 4035.58 4035 0 1000 # time in [s], target node label count, q, memory [mb], peak memory [mb], p, max_costs
# LabelSet Modifications: insertion/deletion, dominance position
0 841998 70635
1 226082 111926
2 160742 145749
3 126311 166770
4 102490 172977
5 87552 174265
6 73646 170631
7 64211 164842
8 59211 156732
9 51937 148391
10 49474 142937
11 45068 136069
12 41340 132917
13 37015 127687
14 37839 122568
15 35738 119389
16 36638 117028
17 31343 113023
18 31926 111046
19 26467 104073
20 35508 108293
21 28185 100764
22 28163 98596
23 26653 95424
24 22920 89914
25 34210 96967
26 25728 91496
27 25281 89947
28 26685 92756
29 22777 90227
30 26047 95117
31 23238 94172
32 22565 97791
33 33447 101988
34 23114 104395
35 24409 110621
36 25146 116425
37 25987 126478
38 26448 140090
39 22963 154294
40 33113 196775
41 27827 232674
42 31026 287682
43 28684 356007
44 32359 440498
45 36811 571818
46 51538 740593
47 98928 944113
48 218508 1173962
49 384528 1406104
50 687198 1779292
51 1149940 2131180
52 1978924 2621094
53 3376244 3179701
54 5096530 3711388
55 7586085 4328371
56 10886833 4979643
57 14234539 5589934
58 16447121 6074270
59 18669580 6477189
60 19236733 6802514
61 17385004 6964638
62 15398052 7283350
63 14249127 7625657
64 13717689 7813929
65 13147945 7902894
66 12645459 8018676
67 12201303 8043001
68 12032972 8073471
69 12013938 7930313
70 12012311 7733048
71 12089182 7587017
72 12143172 7629523
73 11905244 7678846
74 11426230 7575457
75 10903987 7512991
76 10278411 7265105
77 9574983 6919603
78 8494676 6467149
79 7220320 5925627
80 6461843 5526462
81 5796605 5108524
82 5333219 4738888
83 5058281 4432746
84 4694373 4185933
85 4398939 3974033
86 4150286 3767425
87 3944380 3589320
88 3684473 3458428
89 3394769 3262819
90 3185872 3171068
91 2904504 3076958
92 2762674 2999039
93 2586640 2870182
94 2479883 2759109
95 2478643 2679820
96 2617150 2662014
97 2947859 2696842
98 3710681 2967784
99 8130418 5745556
100 20094756 0