# Class 1 Grid Instances of [Machuca 2012]
# SequentialParetoSearch_VectorParetoQueue_VectorLabelSet
# LabelSet Modifications: insertion/deletion, dominance position
0 331856 7678
1 24064 951
2 29846 1907
3 29452 2450
4 29674 3254
5 30664 3901
6 25305 3989
7 24486 4075
8 23529 4918
9 21183 5968
10 23900 5639
11 23342 6174
12 22525 6440
13 18272 6416
14 21997 7220
15 18925 7916
16 23812 9769
17 16742 8752
18 17468 9750
19 12183 8710
20 26284 13200
21 16385 11009
22 17974 12243
23 16271 14294
24 11413 10753
25 29439 17096
26 16109 15364
27 16335 16145
28 19610 18150
29 14050 16454
30 19716 20222
31 15527 18735
32 15577 18650
33 30260 24715
34 15517 19993
35 17458 22034
36 18655 24061
37 18524 25582
38 17694 25331
39 13441 22449
40 26653 30315
41 17770 29754
42 20521 31667
43 16276 28513
44 18852 32051
45 18629 33691
46 17638 35835
47 17084 33932
48 16632 35400
49 7731 21691
50 43934 64111
51 14394 34631
52 16922 43278
53 15773 38265
54 15213 40523
55 16381 42755
56 14634 45633
57 18221 46396
58 15457 46488
59 11119 34680
60 23487 54597
61 15465 48504
62 16263 43882
63 14829 43712
64 14585 48296
65 14090 43061
66 27737 55296
67 11370 40756
68 14722 48560
69 12666 43156
70 17003 54765
71 15533 44448
72 15243 51160
73 14068 50593
74 8801 39117
75 25349 65467
76 14969 58090
77 15066 46846
78 14824 48931
79 9155 43514
80 25187 64420
81 15429 48767
82 14932 49783
83 18798 55469
84 17260 47344
85 23823 53454
86 19807 50390
87 22101 49608
88 27339 57926
89 19142 37070
90 32855 58721
91 25609 44908
92 31904 54793
93 29086 51519
94 30813 62803
95 34014 82823
96 38604 101944
97 33811 117938
98 23793 162844
99 839 36457
100 472676 0
