# Class 1 Grid Instances of [Machuca 2012]
# SequentialSharedHeapLabelSettingAlgorithm_VectorSet_Sum
# 10 200x200 86.6458 1582 -0.8 643.719 643 0 # time in [s], target node label count, q, memory [mb], peak memory [mb], p 
# LabelSet Modifications: insertion position, dominance position
0 3940614 1513343
1 451255 1249629
2 248158 1044852
3 159970 865647
4 116875 739868
5 97326 648238
6 78430 574075
7 64613 519875
8 56270 486403
9 46796 446286
10 49074 437741
11 42737 407191
12 41327 394246
13 34343 375918
14 36327 359537
15 34331 349770
16 38018 339305
17 28931 325644
18 31193 318603
19 21038 297564
20 42712 316412
21 28204 298417
22 29339 295766
23 27766 288923
24 18509 274533
25 46173 296764
26 26713 280259
27 26611 274684
28 31506 277639
29 22316 268171
30 32088 278455
31 24995 269907
32 22836 272837
33 48156 271220
34 22875 268579
35 26651 271802
36 28003 273202
37 28152 270848
38 27897 272925
39 19066 261271
40 41527 285397
41 27689 273901
42 33047 276553
43 24067 275189
44 28551 278269
45 29285 281748
46 27699 282239
47 26194 280681
48 25468 286005
49 10313 256344
50 75704 320987
51 22854 289599
52 28018 297383
53 26892 297484
54 25765 300870
55 28379 307799
56 25159 314548
57 31162 317755
58 27147 325629
59 18651 318471
60 40276 353856
61 26651 348911
62 29562 361165
63 26230 370936
64 26957 383331
65 26412 399115
66 51510 411424
67 21305 424108
68 29528 444199
69 24791 452394
70 34245 486332
71 31803 496925
72 32543 525076
73 31035 545280
74 20619 549002
75 51257 619141
76 34704 631036
77 34358 662248
78 34008 705419
79 25150 727161
80 52549 821429
81 37834 844241
82 36212 897949
83 43470 949552
84 40083 1009442
85 49397 1077954
86 46102 1150652
87 49336 1229217
88 58313 1340393
89 50956 1430561
90 76559 1599736
91 72603 1773117
92 91752 2047956
93 106242 2388013
94 132813 2701431
95 189377 2993020
96 292824 3323434
97 527944 4060050
98 1357535 5933460
99 8013330 10985225
100 11671811 0
