# Class 1 Grid Instances of [Machuca 2012]
# SequentialParetoSearch_VectorParetoQueue
# 10 200 200 0.388007 23 0.8 14.0195 14 0 # time in [s], target node label count, q, memory [mb], peak memory [mb], p 
# ParetoQueue Insertions, Deletions
0 275 8255
1 1428 11755
2 1773 9513
3 2066 8254
4 2233 7801
5 2239 7170
6 2268 6645
7 2439 6269
8 2547 6235
9 2663 5804
10 2605 5630
11 2579 5790
12 2615 5676
13 2815 5333
14 2769 5571
15 2847 5129
16 2809 5264
17 2910 4786
18 2925 5303
19 3058 4803
20 3067 5042
21 2996 4684
22 3121 4651
23 3128 4892
24 3123 4532
25 3286 4550
26 3137 4742
27 3351 4395
28 3258 4627
29 3254 4402
30 3389 4423
31 3267 4329
32 3418 4105
33 3440 4296
34 3510 4030
35 3427 4464
36 3594 4099
37 3547 3885
38 3575 4177
39 3542 3610
40 3654 4315
41 3428 4016
42 3862 3751
43 3662 4107
44 3726 3725
45 3823 3864
46 3789 4057
47 3752 3503
48 3866 3850
49 3743 3583
50 4008 3708
51 3937 3786
52 3812 3474
53 4079 3613
54 3961 3700
55 4013 3510
56 4082 3627
57 4052 3449
58 4028 3363
59 4029 3715
60 4106 3105
61 4106 3798
62 4089 3447
63 4252 3251
64 4281 3327
65 4233 3227
66 4288 3096
67 4279 3373
68 4431 3101
69 4468 2995
70 4360 3255
71 4398 3039
72 4489 3052
73 4574 3050
74 4472 2863
75 4479 3038
76 4627 2841
77 4710 2961
78 4726 2833
79 4672 2857
80 4696 2637
81 4783 2887
82 5050 2611
83 4938 2690
84 4980 2530
85 5092 2484
86 5290 2489
87 5133 2309
88 5300 2384
89 5495 2234
90 5566 2109
91 5710 2099
92 5767 2168
93 5948 1977
94 6216 1946
95 6309 1763
96 6863 1658
97 7221 1665
98 7919 1719
99 9215 1857
100 4094 863
