# Class 1 Grid Instances of [Machuca 2012]
# SequentialParetoSearch_VectorParetoQueue
# 10 200 200 0.388007 23 0.8 14.0195 14 0 # time in [s], target node label count, q, memory [mb], peak memory [mb], p 
# LabelSet Modifications: insertion/deletion, dominance position
0 61737 15431
1 0 0
2 0 0
3 0 0
4 4 13
5 74 168
6 284 302
7 528 966
8 356 753
9 336 807
10 843 1497
11 1198 2134
12 1343 1709
13 140 294
14 1513 2370
15 109 646
16 6452 2213
17 13 152
18 351 1302
19 5 16
20 3626 3909
21 67 1257
22 734 2637
23 96 985
24 0 0
25 4127 5627
26 27 622
27 203 1648
28 3441 4063
29 5 276
30 415 3630
31 17 692
32 0 0
33 15197 11868
34 0 4
35 46 2858
36 167 1862
37 1313 3913
38 73 1442
39 0 1
40 2267 7452
41 110 2456
42 938 5899
43 23 615
44 423 4607
45 142 2453
46 119 2258
47 8 588
48 1 1
49 0 0
50 6075 26841
51 0 1
52 17 633
53 122 2241
54 174 2749
55 369 7267
56 12 518
57 786 7823
58 149 3046
59 1 35
60 1758 12320
61 123 2038
62 621 6470
63 242 3786
64 91 2270
65 3 46
66 2598 30831
67 0 0
68 43 754
69 137 1824
70 571 8145
71 1323 12356
72 437 4476
73 61 1265
74 0 1
75 8666 21877
76 196 2455
77 677 11555
78 108 2879
79 0 3
80 2066 28207
81 401 6159
82 22 511
83 1954 16861
84 204 2944
85 942 30600
86 107 1924
87 992 24108
88 949 26592
89 17 290
90 1157 34499
91 354 11907
92 548 15122
93 216 6385
94 114 3162
95 20 453
96 1 7
97 0 0
98 0 0
99 0 0
100 216929 0