# SequentialParetoSearch_std::vectorParetoQueue
# Map: ../instances/USA-road-t.NY.gr ../instances/USA-road-m.NY.gr
# Nodes 264346 Edges 733846
#
#1 NY1 615.302 1089 3533.95 3534  # time in [s], target node label count, memory [mb], peak memory [mb] 
# LabelSet Modifications
0 8799174
1 15495872
2 8684378
3 6217006
4 5036107
5 4309240
6 3710958
7 3269367
8 2940656
9 2612962
10 2434015
11 2297813
12 2100097
13 2127798
14 1989271
15 1904175
16 1840013
17 1908314
18 1885289
19 1892389
20 1967143
21 1910142
22 1890005
23 1905174
24 1926866
25 2067371
26 2030437
27 2051407
28 2067191
29 2132334
30 2048505
31 2014469
32 2025315
33 2177948
34 1992781
35 2023334
36 2035409
37 2000957
38 2197848
39 2158938
40 2184425
41 2059198
42 2021158
43 2027099
44 2015020
45 1998855
46 1998816
47 2021623
48 2069203
49 2075563
50 2532295
51 2119623
52 2147524
53 2167088
54 2188427
55 2234882
56 2343873
57 2419083
58 2433243
59 2511209
60 2633862
61 2604827
62 2558970
63 2720217
64 2775315
65 2848076
66 2829977
67 3074797
68 2759692
69 2728304
70 2692246
71 2663035
72 2494343
73 2522592
74 2444776
75 2612972
76 2370773
77 2349909
78 2431375
79 2491902
80 2685061
81 2595906
82 2588054
83 2716007
84 2608495
85 2784758
86 3126926
87 3141757
88 3561164
89 3726145
90 3611223
91 3101964
92 2799709
93 2831196
94 2936159
95 3253915
96 4183127
97 5664461
98 8959161
99 21572681
100 82578292
