# ParetoQueue Insertions, Deletions
#Iterations: 14999
#Created Labels: 270993340
#  initially dominated: 62.3822% (=169051492)
#    via candidate shortcut: 25.1865% (=42578139)
#  initially non-dominated: 37.6178% (=101941848)
#    finally dominated: 11.7239% (=11951544)
#LabelSet sizes: 
#  avg: 340
#  max: 4522
#ParetoQueue sizes: 
#  avg: 501210
#  max: 1120920
#Pareto Optimal Elements: 
#  avg: 5925
#  max: 11363
#Identical Target Nodes per Iteration: 
#  avg: 1
#  max: 64
0 220238 1003825
1 644702 940787
2 691921 796070
3 728558 758026
4 748988 746073
5 731986 743530
6 735466 739957
7 749680 738776
8 759495 749174
9 770213 755315
10 782659 762420
11 809309 768181
12 843156 789182
13 855549 812260
14 863492 829403
15 868550 848286
16 874113 852087
17 881257 865054
18 878029 869922
19 887012 869289
20 884380 872373
21 889847 865741
22 900923 877363
23 909273 889640
24 914455 896260
25 915599 897180
26 909836 910360
27 888235 883342
28 887449 874957
29 880754 868652
30 891789 866277
31 894650 877452
32 900401 880809
33 908230 890457
34 892126 897075
35 888953 883859
36 894247 876084
37 907259 886155
38 919963 896761
39 936865 906987
40 955072 921651
41 960657 938853
42 975733 945581
43 994441 972324
44 985721 982940
45 983736 978029
46 1002370 978571
47 1006319 985720
48 1022326 993486
49 1027856 1006868
50 1039668 1023456
51 1045819 1034522
52 1063730 1022557
53 1085419 1054588
54 1089300 1064513
55 1090449 1061163
56 1111527 1076249
57 1102433 1087691
58 1117911 1096323
59 1115149 1095060
60 1120543 1096799
61 1124655 1105145
62 1121076 1100973
63 1124059 1109328
64 1123021 1103985
65 1141948 1116809
66 1118261 1125093
67 1100965 1092000
68 1105593 1086366
69 1113218 1096692
70 1103915 1099558
71 1114988 1086613
72 1109555 1103302
73 1114246 1094179
74 1113865 1107223
75 1108851 1090263
76 1103259 1110726
77 1092388 1087024
78 1109098 1072691
79 1097833 1095524
80 1109423 1095835
81 1129753 1129818
82 1106628 1123398
83 1123308 1119527
84 1125520 1120095
85 1134411 1113983
86 1138051 1098227
87 1136361 1081122
88 1138186 1064542
89 1151539 1057464
90 1181160 972971
91 1132644 982905
92 1043035 1083906
93 1151805 1204392
94 1297735 1286550
95 1321011 1348783
96 1389633 1427073
97 1530119 1591402
98 1646899 1478919
99 1746060 1476059
100 831987 728060

