# SequentialParetoSearch_std::vectorParetoQueue
# Map: ../instances/NJ1
# Nodes 330386 Edges 1202458
#
# NJ3 11.0372 21 83.4648 91 0  # time in [s], target node label count, memory [mb], peak memory [mb], p 
# LabelSet Modifications: insertion/deletion, dominance position
0 275613 302796
1 0 4
2 158 81
3 440 497
4 883 1090
5 1756 1548
6 1515 1793
7 2163 2968
8 2163 2304
9 2338 4204
10 3234 3639
11 3829 5164
12 5112 5953
13 2021 3102
14 6822 10773
15 2933 2740
16 8849 16236
17 1179 1793
18 3718 5284
19 568 991
20 16260 24081
21 2514 3557
22 5508 8604
23 3056 5316
24 583 757
25 25424 46550
26 2566 3663
27 3610 8905
28 9275 15200
29 1862 3607
30 6071 12823
31 2532 4772
32 572 1934
33 47076 86387
34 982 2544
35 3406 6955
36 4888 10167
37 7765 19737
38 3749 8136
39 733 1710
40 24876 41214
41 4136 11739
42 14145 28064
43 1872 5346
44 6841 16865
45 5671 14257
46 5025 11939
47 3906 8866
48 1308 3423
49 218 217
50 115487 638196
51 1193 3159
52 5121 10953
53 6687 14860
54 7475 21880
55 11216 24345
56 4989 10089
57 22960 47345
58 8563 21465
59 2250 4389
60 38507 80961
61 9751 22861
62 15976 42834
63 11263 26678
64 9453 21564
65 5645 12272
66 93264 452096
67 2162 4425
68 11403 28240
69 9592 20189
70 19264 53221
71 26996 75346
72 19125 44969
73 13078 30174
74 3175 6766
75 79650 438041
76 19966 47127
77 24258 73787
78 15988 41372
79 4838 13473
80 65136 432638
81 26845 71642
82 12629 30418
83 56427 394671
84 22026 57756
85 49759 361835
86 20054 50892
87 38971 330618
88 47201 295527
89 10250 29573
90 58633 470284
91 26671 233548
92 39599 313345
93 30575 276139
94 28241 288899
95 28217 310769
96 24090 230227
97 11105 116332
98 2636 38968
99 13 1948
100 2130004 0