# SequentialParetoSearch_std::vectorParetoQueue
# Map: ../instances/USA-road-t.NY.gr ../instances/USA-road-m.NY.gr
# Nodes 264346 Edges 733846
# Nodes 264347 Edges 730100
#
#1 NY1 618 1089 3533.42 3533  # time in [s], target node label count, memory [mb], peak memory [mb] 
0 17684295
1 11441554
2 7161203
3 5495877
4 4646568
5 4016091
6 3492435
7 3073828
8 2776249
9 2469028
10 2404523
11 2228904
12 2133820
13 1986608
14 1944159
15 1890742
16 1912801
17 1854046
18 1894174
19 1847252
20 2015500
21 1893350
22 1905796
23 1912302
24 1870772
25 2169346
26 2059773
27 2052470
28 2123522
29 2041405
30 2062947
31 2009761
32 2030750
33 2153651
34 1998951
35 2033744
36 2040648
37 2100768
38 2168901
39 2097747
40 2204302
41 2039332
42 2032453
43 1982175
44 2008014
45 2012529
46 2014524
47 2035097
48 2084612
49 1980217
50 2646043
51 2133812
52 2163823
53 2177333
54 2198326
55 2287726
56 2363612
57 2437428
58 2483037
59 2492866
60 2713923
61 2595146
62 2636565
63 2711973
64 2807196
65 2876198
66 3097580
67 2753172
68 2755844
69 2673823
70 2698510
71 2587255
72 2516826
73 2482522
74 2353424
75 2655232
76 2371528
77 2387104
78 2465024
79 2434930
80 2786819
81 2595394
82 2586621
83 2695569
84 2703309
85 2995795
86 3142271
87 3351572
88 3620354
89 3625690
90 3484952
91 2885018
92 2781698
93 2861542
94 2942139
95 3671357
96 4954611
97 6867515
98 12612502
99 96668771
