# SequentialParetoSearch_std::vectorParetoQueue
# Map: ../instances/NJ1
# Nodes 330386 Edges 1202458
#
# LabelSet Modifications
#3 NJ3 10.7409 21 102.691 110  # time in [s], target node label count, memory [mb], peak memory [mb] 
0 0
1 0
2 52
3 789
4 1897
5 2270
6 3394
7 3556
8 6065
9 4193
10 5752
11 7863
12 1160
13 10567
14 11981
15 2340
16 1111
17 17718
18 3611
19 2524
20 27057
21 3182
22 5216
23 3196
24 2316
25 43385
26 1719
27 6351
28 1931
29 13373
30 6379
31 3987
32 2379
33 83957
34 648
35 2830
36 7106
37 1701
38 16690
39 2430
40 28848
41 2905
42 5527
43 19568
44 12545
45 6634
46 4505
47 5730
48 3190
49 497
50 422507
51 607
52 3443
53 7622
54 6992
55 10072
56 21385
57 28335
58 10687
59 6358
60 56021
61 5449
62 10066
63 25253
64 19968
65 9695
66 2226
67 373977
68 9154
69 16359
70 22634
71 43764
72 8807
73 25581
74 11682
75 319143
76 14410
77 19804
78 35738
79 23154
80 252393
81 20451
82 39842
83 217271
84 12743
85 29476
86 197467
87 22364
88 178292
89 149612
90 135387
91 113925
92 174196
93 134121
94 146611
95 118162
96 93660
97 63112
98 31475
99 3137
100 0
