# SequentialSharedHeapLabelSettingAlgorithm_VectorSet_Lex
# Map: ../instances/USA-road-t.NY.gr ../instances/USA-road-m.NY.gr
# Nodes 264346 Edges 733846
# Nodes 264347 Edges 730100
# 1 NY1 574.388 1089 7448.82 7448 0  # time in [s], target node label count, memory [mb], peak memory [mb], p
# LabelSet Modifications: insertion position, dominance position
0 32945 28227
1 268 97
2 618 307
3 1072 604
4 1170 983
5 1780 1751
6 1703 1549
7 2321 2398
8 1868 2509
9 1882 2515
10 2493 3947
11 2909 3914
12 2957 4385
13 2104 3254
14 3794 5492
15 2681 4991
16 5181 9434
17 2010 4488
18 3015 5998
19 1434 3597
20 7092 12246
21 2926 6987
22 3604 8131
23 3846 9021
24 1447 4745
25 10332 20671
26 3580 10190
27 3888 10857
28 5772 14234
29 2989 10356
30 6134 18482
31 3912 13185
32 2658 11015
33 16573 34542
34 3409 13590
35 5689 20271
36 6068 21177
37 6630 23686
38 6383 25047
39 3281 15835
40 12407 38791
41 7279 30452
42 10160 39321
43 5454 26694
44 8095 37185
45 8730 39313
46 8792 42498
47 7928 39303
48 7530 42829
49 2251 15571
50 36572 149136
51 7566 44163
52 11492 61286
53 12077 61472
54 11450 62441
55 13935 75129
56 12309 72606
57 18040 87814
58 15932 85728
59 10038 64382
60 26514 133637
61 18091 105847
62 20105 114766
63 19041 113660
64 20576 125802
65 21043 135885
66 41443 233053
67 18765 128873
68 27625 183297
69 25121 170794
70 36219 229890
71 34865 215318
72 38128 247677
73 39637 261391
74 30620 209456
75 65689 434175
76 55378 363798
77 57251 372432
78 62640 425469
79 52854 376528
80 95799 655719
81 84548 574812
82 93004 649647
83 109069 789821
84 118852 834166
85 145144 1059765
86 160844 1119810
87 183490 1334648
88 228649 1663151
89 249908 1774529
90 347996 2553589
91 400849 2898887
92 528533 3864267
93 677637 5005960
94 940221 7009061
95 1439998 10713697
96 2329527 17407527
97 4181949 30769837
98 8625819 66540580
99 21862404 420263967
100 350481838 0
