# SequentialParetoSearch_std::vectorParetoQueue
# Map: ../instances/NJ1
# Nodes 330386 Edges 1202458
#
#
# ParetoQueue Insertions, Deletions
#3 NJ3 10.7409 21 102.691 110  # time in [s], target node label count, memory [mb], peak memory [mb] 
0 6813 270645
1 26191 195888
2 34972 137925
3 42448 116118
4 46651 100639
5 49808 90909
6 51384 83230
7 52291 78701
8 53290 72129
9 54149 66627
10 54640 63765
11 55582 63633
12 56296 58040
13 58139 57099
14 58566 53609
15 60093 50876
16 60579 50654
17 60953 46664
18 60853 47893
19 62343 48962
20 62006 48989
21 61994 52544
22 62385 53760
23 62485 50246
24 62271 52870
25 63191 57417
26 63071 54082
27 62494 53347
28 61419 55945
29 60815 59606
30 59380 60601
31 58969 60479
32 58539 61913
33 58006 61333
34 57919 59393
35 58177 58771
36 58928 55423
37 60631 53235
38 60785 47239
39 62139 41013
40 64002 38077
41 64323 37682
42 63678 31727
43 63311 28262
44 64103 26430
45 64125 25748
46 63915 26217
47 63028 25253
48 61987 24836
49 60595 26784
50 57611 33415
51 56522 27585
52 54475 26155
53 51924 26185
54 49460 26982
55 46327 29063
56 43697 31390
57 42170 32669
58 40801 30638
59 39455 29368
60 36158 31504
61 34104 30220
62 32769 26418
63 31039 27618
64 29786 27303
65 27947 24647
66 25347 21908
67 22459 19025
68 19384 18051
69 17048 16546
70 14818 16566
71 13252 15842
72 12709 15434
73 12093 15446
74 11315 15307
75 10953 14959
76 10807 15384
77 11121 15073
78 11497 13977
79 10107 14267
80 9478 13777
81 9781 13242
82 9387 13301
83 9217 14372
84 9120 15842
85 9098 16123
86 9399 16837
87 9870 19770
88 12745 17155
89 26607 18528
90 33030 18355
91 39301 18864
92 46127 17139
93 42188 17915
94 35003 19702
95 34080 22918
96 34990 28185
97 36250 36520
98 39174 25525
99 23910 18057
100 9865 6188
