# SequentialParetoSearch_std::vectorParetoQueue
# Map: ../instances/USA-road-t.NY.gr ../instances/USA-road-m.NY.gr
# Nodes 264346 Edges 733846
#1 NY1 615.302 1089 3533.95 3534  # time in [s], target node label count, memory [mb], peak memory [mb] 
# ParetoQueue Insertions, Deletions
0 1267206 3786672
1 3330038 4097368
2 3425593 3724668
3 3515765 3637916
4 3651679 3649119
5 3659892 3689316
6 3689293 3696375
7 3780840 3763576
8 3744433 3752625
9 3760564 3785802
10 3750238 3741806
11 3707079 3767322
12 3656056 3686052
13 3723248 3684565
14 3746865 3696938
15 3724154 3760061
16 3766113 3751488
17 3849949 3800731
18 3876605 3868953
19 3793856 3844073
20 3799270 3795837
21 3836998 3798776
22 3816198 3800533
23 3808821 3825577
24 3810076 3825342
25 3837419 3830301
26 3827035 3850590
27 3792381 3797241
28 3782273 3785245
29 3788902 3791058
30 3809660 3801733
31 3817342 3802802
32 3832728 3819089
33 3847217 3837564
34 3800024 3864475
35 3786626 3803276
36 3805304 3807161
37 3845932 3813646
38 3855704 3844104
39 3890515 3854188
40 3905274 3885309
41 3907919 3889202
42 3916914 3890652
43 3963625 3932217
44 3953052 3955192
45 3966849 3946467
46 4003316 3974889
47 3988306 3986504
48 4001334 3968287
49 4001316 3996465
50 3991817 3987434
51 3993056 3997275
52 3980239 3972910
53 4007293 3980088
54 3993275 4009477
55 3952547 3951081
56 3979700 3948737
57 3961305 3932680
58 3968459 3958174
59 3950622 3929612
60 3957966 3921029
61 3924569 3919413
62 3928457 3912547
63 3931228 3929475
64 3923903 3910893
65 3967438 3928991
66 3953555 3948416
67 3930567 3929975
68 3920546 3912940
69 3920548 3906452
70 3898205 3874878
71 3906164 3887746
72 3885466 3870350
73 3884514 3894833
74 3855167 3861648
75 3810180 3820531
76 3777539 3808830
77 3752705 3752584
78 3758284 3709722
79 3767864 3757115
80 3751202 3713191
81 3777970 3734455
82 3766265 3735884
83 3803190 3705338
84 3817987 3765202
85 3821040 3784904
86 3828691 3749707
87 3840221 3712935
88 3850232 3664835
89 3889100 3682896
90 3934906 3641971
91 3880462 3606353
92 3895966 3637897
93 4046726 3772776
94 4184751 3910223
95 4204735 4072467
96 4279139 4218117
97 4467286 4459132
98 4753946 4831995
99 5148582 4544112
100 2652252 2416250
