# ParetoQueue Insertions, Deletions
#Iterations: 24999
#Created Labels: 624483131
#  initially dominated: 61.4722% (=383883326)
#    via candidate shortcut: 28.396% (=109007385)
#  initially non-dominated: 38.5278% (=240599805)
#    finally dominated: 10.5542% (=25393485)
#LabelSet sizes: 
#  avg: 814
#  max: 8228
#ParetoQueue sizes: 
#  avg: 778473
#  max: 1475541
#Pareto Optimal Elements: 
#  avg: 8569
#  max: 13874
#Identical Target Nodes per Iteration: 
#  avg: 2
#  max: 98
0 548063 2215199
1 1620303 2186770
2 1686501 1892534
3 1743505 1812288
4 1821277 1791920
5 1864144 1832183
6 1900387 1861363
7 1908722 1863864
8 1925335 1881132
9 1902503 1893853
10 1905567 1893231
11 1938155 1905304
12 1983637 1936468
13 2035484 1981888
14 2046796 1993315
15 2071594 2033591
16 2086178 2052580
17 2128645 2092914
18 2141129 2109914
19 2149404 2137304
20 2147121 2125307
21 2192475 2152149
22 2226196 2183596
23 2254390 2236609
24 2286472 2269225
25 2296230 2281063
26 2291260 2299858
27 2270198 2283370
28 2264418 2268546
29 2253722 2253092
30 2265550 2256271
31 2273622 2252207
32 2285955 2262738
33 2310441 2274316
34 2301714 2304596
35 2281481 2278906
36 2299944 2287301
37 2323113 2298211
38 2333445 2314200
39 2366096 2329815
40 2392066 2351505
41 2407603 2381994
42 2436586 2386303
43 2473667 2432482
44 2459843 2456386
45 2471873 2448772
46 2503679 2470124
47 2505512 2475750
48 2541031 2484945
49 2541900 2515754
50 2548461 2524877
51 2548100 2532187
52 2580890 2530736
53 2612739 2565703
54 2610121 2609164
55 2580507 2559977
56 2616399 2573626
57 2592784 2576472
58 2612747 2596355
59 2613369 2584327
60 2612104 2586324
61 2583348 2566830
62 2602969 2564348
63 2601909 2599437
64 2594609 2583398
65 2639196 2593425
66 2613089 2617587
67 2607419 2589815
68 2613413 2587282
69 2626230 2608068
70 2607513 2585915
71 2615572 2612588
72 2608302 2590466
73 2608840 2608075
74 2583766 2593105
75 2542603 2549923
76 2516874 2548544
77 2482962 2506864
78 2488853 2449608
79 2489104 2499351
80 2470652 2475194
81 2492359 2471704
82 2473484 2472958
83 2496952 2470382
84 2521341 2495898
85 2521873 2515497
86 2534276 2482825
87 2529797 2471071
88 2506890 2449446
89 2525634 2424344
90 2572431 2338886
91 2532026 2317322
92 2500801 2404485
93 2635651 2495455
94 2774784 2609957
95 2781033 2735811
96 2785808 2748264
97 2964872 3022060
98 3233892 3314887
99 3579952 3067283
100 1945573 1749783

