# ParetoQueue Insertions, Deletions
#Iterations: 34999
#Created Labels: 924592473
#  initially dominated: 60.4272% (=558704969)
#    via candidate shortcut: 36.5813% (=204381345)
#  initially non-dominated: 39.5728% (=365887504)
#    finally dominated: 9.44396% (=34554287)
#LabelSet sizes: 
#  avg: 1253
#  max: 10218
#ParetoQueue sizes: 
#  avg: 779195
#  max: 1475541
#Pareto Optimal Elements: 
#  avg: 9453
#  max: 14185
#Identical Target Nodes per Iteration: 
#  avg: 2
#  max: 119
0 1138280 3378652
1 3077530 3683991
2 3168904 3388972
3 3245840 3309302
4 3373612 3338381
5 3381113 3388766
6 3401178 3406552
7 3495429 3467268
8 3454492 3466825
9 3474154 3490796
10 3467149 3453839
11 3422120 3482145
12 3369580 3405430
13 3443628 3403161
14 3473125 3421732
15 3454187 3481278
16 3488745 3469996
17 3583305 3529009
18 3614865 3601604
19 3537448 3580531
20 3541189 3533066
21 3575266 3536733
22 3552077 3542115
23 3551307 3563329
24 3564287 3567589
25 3586771 3576358
26 3570722 3597126
27 3538201 3544907
28 3526012 3530526
29 3540688 3539963
30 3561282 3556715
31 3569950 3551699
32 3589246 3568591
33 3608222 3593931
34 3563327 3618086
35 3554855 3566559
36 3575178 3569931
37 3615791 3579581
38 3626577 3610721
39 3663046 3623660
40 3679650 3655827
41 3683638 3663025
42 3695079 3662998
43 3741086 3707796
44 3731316 3730790
45 3748147 3723253
46 3785744 3752228
47 3768116 3768374
48 3780949 3748408
49 3782197 3776475
50 3775285 3768482
51 3780479 3779534
52 3773115 3757906
53 3803321 3767848
54 3788587 3803510
55 3747947 3748162
56 3774449 3746864
57 3753706 3733074
58 3764785 3757645
59 3748431 3730304
60 3755374 3719831
61 3724890 3718297
62 3729952 3711425
63 3732137 3730203
64 3725110 3712644
65 3767270 3730268
66 3750449 3753653
67 3732699 3733725
68 3725756 3719116
69 3724792 3713486
70 3701167 3683302
71 3707873 3696405
72 3690600 3674855
73 3693694 3693880
74 3663779 3672784
75 3620400 3631596
76 3592097 3627956
77 3561446 3573631
78 3570141 3521075
79 3577644 3580988
80 3559080 3554755
81 3587240 3554866
82 3573278 3561863
83 3606682 3544960
84 3629407 3572810
85 3631680 3592434
86 3636351 3568515
87 3645200 3536239
88 3650259 3504119
89 3685299 3512023
90 3739092 3449537
91 3684481 3426886
92 3701992 3452465
93 3850932 3578357
94 3986131 3698599
95 3997386 3882876
96 4071959 4024117
97 4250336 4246373
98 4532007 4617365
99 4921795 4326146
100 2554942 2327301

