#ParetoQueue Insertions, Deletions
#Iterations: 4999
#Created Labels: 15950794
#  initially dominated: 60.4859% (=9647984)
#    via candidate shortcut: 25.5928% (=2469190)
#  initially non-dominated: 39.5141% (=6302810)
#    finally dominated: 11.9817% (=755182)
#LabelSet sizes: 
#  avg: 20
#  max: 1315
#ParetoQueue sizes: 
#  avg: 51487
#  max: 208435
#Pareto Optimal Elements: 
#  avg: 1068
#  max: 3499
#Identical Target Nodes per Iteration: 
#  avg: 1
#  max: 37

0 12146 94344
1 33692 75332
2 43826 59148
3 43542 55206
4 43554 50853
5 44445 49319
6 45616 47920
7 45112 47339
8 45037 46237
9 45820 46828
10 47828 46766
11 47678 47206
12 46971 47356
13 47256 45922
14 46672 46517
15 47313 46041
16 47848 45950
17 48492 45623
18 49310 46876
19 50604 46491
20 50484 46651
21 50024 47475
22 49585 46727
23 50152 47049
24 50162 47640
25 50659 47148
26 51306 47231
27 52677 47174
28 52658 48731
29 52335 50385
30 50986 50641
31 50777 49255
32 52101 49662
33 51468 50498
34 50560 49898
35 52256 49980
36 52244 49364
37 52014 49604
38 52227 49987
39 52302 49852
40 53329 49732
41 53284 50947
42 52874 51286
43 53423 52367
44 53293 52405
45 52170 51479
46 53243 51480
47 53918 50248
48 54607 51085
49 53615 52025
50 54680 51971
51 56068 52241
52 55868 52523
53 56311 53086
54 57074 53315
55 58772 53542
56 59965 54902
57 61583 55836
58 62486 58551
59 63169 58393
60 63634 58053
61 65870 60647
62 64122 60806
63 65169 62416
64 65976 61611
65 67292 61164
66 67888 64849
67 68014 65082
68 68230 65014
69 69083 64874
70 69935 65668
71 68943 67216
72 69344 66783
73 70878 65018
74 71315 68988
75 71995 67372
76 72495 68754
77 73059 66434
78 73841 65019
79 72013 73148
80 73516 73755
81 75226 71295
82 76891 75249
83 79681 77780
84 80190 78591
85 80851 78262
86 80664 77170
87 82690 74790
88 82639 76514
89 84207 74669
90 85840 75610
91 90562 85382
92 96312 77521
93 99324 91737
94 104244 92258
95 98037 105690
96 112521 106659
97 119983 107947
98 110522 78839
99 116031 98344
100 64312 47697

