# SequentialSharedHeapLabelSettingAlgorithm_VectorSet_Lex
# Map: ../instances/NJ1
# Nodes 330386 Edges 1202458
# NJ3 7.04273 21 680.195 696 0  # time in [s], target node label count, memory [mb], peak memory [mb], p 
# LabelSet Modifications: insertion position, dominance position
0 134481 376684
1 0 4
2 3 21
3 6 23
4 28 53
5 51 120
6 53 100
7 65 210
8 105 136
9 66 441
10 99 334
11 169 367
12 250 956
13 42 101
14 460 1989
15 96 182
16 694 2541
17 29 94
18 117 385
19 17 97
20 1567 5784
21 72 133
22 257 910
23 62 229
24 3 18
25 3260 14061
26 67 164
27 125 520
28 761 2326
29 28 98
30 222 1055
31 64 195
32 7 17
33 7769 29912
34 8 63
35 88 440
36 156 897
37 819 3285
38 104 436
39 5 16
40 3264 11350
41 176 1242
42 1338 5109
43 36 426
44 618 2036
45 315 1316
46 171 801
47 80 445
48 11 78
49 0 0
50 31898 759195
51 9 66
52 114 696
53 301 1615
54 482 3051
55 1203 4998
56 164 743
57 2581 16253
58 541 3720
59 40 181
60 7516 31673
61 501 2829
62 2617 15626
63 1033 5147
64 600 2905
65 180 888
66 23199 551726
67 31 227
68 588 4457
69 826 3898
70 2236 14171
71 6230 28113
72 2272 12356
73 1145 5473
74 93 546
75 21749 585072
76 2364 12796
77 5313 27601
78 2082 12622
79 308 1648
80 18580 573095
81 5798 28384
82 1843 9195
83 16372 553358
84 4528 24465
85 14786 513280
86 4466 22540
87 13403 499787
88 13894 424104
89 2922 14240
90 19964 729810
91 9553 364121
92 14484 535210
93 12109 462991
94 12540 517534
95 13790 599463
96 12242 496250
97 6518 276895
98 2067 111635
99 90 18053
100 3422849 0

Iterations: 3646134
Created Labels: 13582586
  initially dominated: 68.8595% (=9352902)
  initially non-dominated: 31.1405% (=4229684)
    finally dominated: 13.7966% (=583551)
LabelSet sizes: 
  avg (final): 11
  max (final): 252
  max (temp): 252

