# SequentialParetoSearch_std::vectorParetoQueue
# Map: ../instances/USA-road-t.NY.gr ../instances/USA-road-m.NY.gr
# Nodes 264346 Edges 733846
#
#1 NY1 541.864 1089 3862.71 3862 0  # time in [s], target node label count, memory [mb], peak memory [mb], p
# LabelSet Modifications: insertion/deletion, dominance position
0 24760937 1795990
1 9011209 2634756
2 6105899 3241575
3 4974740 3547095
4 4333834 3720240
5 3784066 3792085
6 3326941 3670843
7 2947775 3508079
8 2666599 3425144
9 2399614 3236238
10 2319002 3141001
11 2172799 2962860
12 2070269 2873406
13 1940941 2806567
14 1905441 2715810
15 1848882 2666198
16 1858504 2611805
17 1836794 2553674
18 1862454 2531058
19 1812535 2411450
20 1990676 2552749
21 1863509 2448485
22 1873013 2441194
23 1891150 2445689
24 1848182 2388166
25 2104120 2588409
26 2028489 2491007
27 2034484 2485664
28 2093858 2510088
29 2017242 2450581
30 2029692 2541505
31 1986851 2473878
32 1998522 2483697
33 2110839 2503756
34 1967648 2462931
35 1997355 2497433
36 2010982 2535285
37 2066384 2537051
38 2139772 2564731
39 2072144 2484676
40 2152512 2665408
41 2004182 2593396
42 2011233 2628983
43 1945888 2616375
44 1974412 2659717
45 1984100 2707463
46 1983170 2752063
47 2005721 2763573
48 2054066 2798435
49 1949603 2634991
50 2359574 3093646
51 2096966 2847635
52 2132047 2903823
53 2135220 2905572
54 2156981 2897468
55 2244375 2898730
56 2314210 2904779
57 2378702 2912981
58 2426219 2924380
59 2430998 2882867
60 2661699 3060209
61 2540457 2981905
62 2574781 3030723
63 2655733 3028778
64 2749028 3046836
65 2822347 3055759
66 2875565 3143999
67 2697459 2993387
68 2701704 3032300
69 2630327 2947201
70 2639802 3001792
71 2546078 2932400
72 2474389 2954951
73 2455950 2907883
74 2325802 2782757
75 2500604 3042024
76 2346144 2893152
77 2363310 2872704
78 2436963 2893739
79 2419378 2822116
80 2664827 3106685
81 2576515 3074661
82 2564429 3237555
83 2576061 3388903
84 2674850 3571530
85 2878485 3844629
86 3105815 4163306
87 3251327 4514428
88 3498626 5027850
89 3596928 5195979
90 3314640 5266612
91 2764920 4820743
92 2541171 4716308
93 2608150 4804918
94 2582004 5236088
95 3071238 6215830
96 3954984 7709029
97 5259874 9834125
98 8455054 14514349
99 37857736 38329469
100 68161797 0