.1054  .1052  .0879  .0876  .0872  .0875  .0871  .0872  .0872  .0885  .0871  .0015  
.0909  .0821  .0588  .0578  .0551  .0789  .0319  .0583  .0955  .1153  .1444  .1304  
.1252  .1216  .0970  .1028  .0587  .0933  .0882  .0890  .0541  .0565  .0566  .0566  
.0913  .0761  .0995  .0981  .0926  .0624  .0918  .0907  .0886  .0862  .0604  .0618  
.1149  .0883  .0730  .0822  .0822  .0870  .0871  .0662  .0836  .0833  .0844  .0672  
.1093  .0900  .0786  .0711  .0709  .0834  .0851  .0858  .0801  .0775  .0838  .0838  
.0816  .0690  .0663  .0588  .0556  .0604  .0722  .0959  .1094  .1130  .1069  .1103  
.0547  .0482  .0468  .0430  .0392  .0405  .0523  .0761  .1170  .1515  .1657  .1643  
.0397  .0342  .0332  .0317  .0267  .0278  .0351  .0541  .0919  .1475  .2160  .2616  
.0329  .0293  .0276  .0273  .0237  .0229  .0269  .0418  .0717  .1264  .2178  .3511  
