.0391  .0341  .0321  .0313  .0306  .0306  .0309  .0304  .0314  .0311  .0303  .0305  .0298  .0303  .0308  .0309  .0311  .0305  .0300  .0313  .0306  .0301  .0311  .0299  .0310  .0315  .0303  .0312  .0319  .0305  .0312  .0321  
.0353  .0315  .0289  .0337  .0274  .0272  .0266  .0323  .0316  .0319  .0317  .0273  .0313  .0324  .0320  .0321  .0320  .0322  .0317  .0263  .0315  .0318  .0312  .0323  .0315  .0320  .0320  .0324  .0320  .0325  .0319  .0321  
.0404  .0335  .0321  .0332  .0381  .0322  .0308  .0324  .0398  .0394  .0291  .0318  .0277  .0285  .0276  .0286  .0283  .0331  .0275  .0279  .0278  .0324  .0329  .0273  .0273  .0285  .0289  .0279  .0342  .0336  .0288  .0272  
.0398  .0347  .0332  .0339  .0321  .0316  .0315  .0326  .0322  .0317  .0302  .0305  .0294  .0303  .0302  .0304  .0302  .0316  .0304  .0315  .0313  .0289  .0303  .0299  .0289  .0299  .0313  .0299  .0302  .0297  .0297  .0307  
.0322  .0328  .0322  .0337  .0318  .0329  .0315  .0326  .0324  .0311  .0304  .0309  .0307  .0308  .0308  .0316  .0305  .0309  .0298  .0317  .0316  .0294  .0306  .0304  .0297  .0305  .0324  .0304  .0306  .0305  .0303  .0309  
.0225  .0255  .0269  .0295  .0304  .0322  .0323  .0328  .0325  .0319  .0315  .0320  .0318  .0319  .0318  .0357  .0316  .0317  .0314  .0322  .0336  .0311  .0313  .0313  .0309  .0312  .0321  .0315  .0315  .0314  .0315  .0331  
.0170  .0163  .0176  .0200  .0219  .0239  .0255  .0274  .0282  .0286  .0295  .0304  .0311  .0319  .0326  .0381  .0338  .0341  .0340  .0363  .0351  .0352  .0355  .0362  .0358  .0363  .0367  .0366  .0368  .0368  .0368  .0426  
.0156  .0137  .0144  .0157  .0168  .0185  .0200  .0214  .0228  .0239  .0249  .0268  .0279  .0294  .0302  .0336  .0329  .0336  .0345  .0359  .0367  .0374  .0389  .0398  .0403  .0424  .0426  .0426  .0439  .0446  .0448  .0519  
.0154  .0150  .0140  .0148  .0159  .0172  .0186  .0202  .0215  .0224  .0236  .0252  .0264  .0275  .0292  .0307  .0314  .0331  .0344  .0354  .0372  .0382  .0392  .0409  .0418  .0433  .0447  .0457  .0469  .0475  .0486  .0526  
.0173  .0170  .0161  .0154  .0164  .0173  .0188  .0200  .0212  .0224  .0238  .0251  .0264  .0274  .0290  .0300  .0312  .0325  .0341  .0351  .0365  .0379  .0388  .0402  .0413  .0427  .0443  .0451  .0470  .0479  .0497  .0506  
