.2622  .1338  .0970  .0745  .0612  .0506  .0489  .0461  .0593  .0471  .0644  .0543  
.1822  .1266  .0976  .0826  .0710  .0630  .0588  .0582  .0741  .0578  .0575  .0700  
.1680  .1424  .0847  .1079  .0818  .0640  .0558  .0694  .0521  .0547  .0659  .0525  
.1666  .1297  .1129  .0766  .0676  .0811  .0628  .0753  .0576  .0565  .0562  .0565  
.1320  .0968  .0839  .0836  .0818  .0813  .0769  .0730  .0724  .0755  .0711  .0710  
.1237  .0918  .0746  .0674  .0766  .0806  .0822  .0833  .0811  .0802  .0793  .0786  
.0824  .0702  .0640  .0566  .0527  .0594  .0734  .0971  .1108  .1128  .1101  .1098  
.0543  .0469  .0450  .0445  .0368  .0378  .0488  .0779  .1181  .1541  .1680  .1672  
.0391  .0339  .0317  .0307  .0256  .0264  .0332  .0525  .0911  .1489  .2185  .2678  
.0302  .0281  .0262  .0258  .0215  .0212  .0262  .0407  .0710  .1276  .2224  .3584  
