.0619  .0377  .0341  .0318  .0394  .0306  .0307  .0290  .0291  .0287  .0363  .0282  .0283  .0285  .0287  .0279  .0276  .0284  .0347  .0275  .0276  .0272  .0289  .0343  .0280  .0281  .0279  .0276  .0277  .0358  .0288  .0275  
.0454  .0366  .0337  .0322  .0303  .0307  .0311  .0381  .0290  .0296  .0299  .0295  .0375  .0293  .0293  .0291  .0293  .0293  .0374  .0294  .0293  .0293  .0293  .0291  .0293  .0292  .0294  .0293  .0293  .0295  .0292  .0293  
.0371  .0292  .0292  .0291  .0292  .0294  .0292  .0372  .0291  .0292  .0370  .0293  .0372  .0293  .0372  .0292  .0292  .0370  .0373  .0292  .0293  .0291  .0371  .0292  .0292  .0292  .0292  .0294  .0292  .0292  .0292  .0294  
.0354  .0384  .0349  .0339  .0400  .0314  .0310  .0306  .0306  .0303  .0297  .0296  .0376  .0291  .0291  .0288  .0290  .0288  .0289  .0289  .0362  .0285  .0287  .0283  .0283  .0282  .0360  .0282  .0283  .0280  .0280  .0356  
.0416  .0390  .0380  .0347  .0329  .0342  .0322  .0316  .0316  .0309  .0304  .0303  .0298  .0294  .0290  .0320  .0291  .0291  .0315  .0300  .0286  .0285  .0286  .0282  .0310  .0282  .0285  .0335  .0282  .0280  .0280  .0319  
.0309  .0322  .0310  .0313  .0313  .0321  .0320  .0311  .0339  .0336  .0330  .0326  .0321  .0312  .0307  .0308  .0320  .0316  .0317  .0312  .0309  .0304  .0301  .0298  .0305  .0304  .0313  .0300  .0297  .0297  .0302  .0292  
.0249  .0221  .0224  .0227  .0237  .0265  .0264  .0264  .0263  .0264  .0264  .0264  .0265  .0264  .0266  .0264  .0263  .0266  .0381  .0379  .0379  .0381  .0376  .0375  .0382  .0390  .0392  .0392  .0393  .0391  .0390  .0388  
.0198  .0192  .0171  .0165  .0177  .0200  .0195  .0205  .0238  .0254  .0265  .0274  .0276  .0284  .0295  .0298  .0327  .0342  .0351  .0358  .0365  .0375  .0379  .0385  .0391  .0416  .0421  .0426  .0432  .0442  .0443  .0446  
.0209  .0215  .0195  .0177  .0185  .0207  .0206  .0213  .0245  .0260  .0274  .0284  .0294  .0305  .0315  .0322  .0354  .0368  .0382  .0382  .0383  .0382  .0383  .0383  .0383  .0383  .0382  .0383  .0383  .0382  .0382  .0383  
.0311  .0311  .0313  .0313  .0312  .0312  .0312  .0312  .0313  .0312  .0313  .0312  .0312  .0312  .0313  .0312  .0313  .0312  .0312  .0311  .0311  .0311  .0312  .0311  .0313  .0312  .0313  .0311  .0312  .0311  .0312  .0312  
