.2023  .1352  .1040  .0812  .0674  .0618  .0591  .0573  .0579  .0594  .0627  .0510  
.1742  .1280  .0955  .0830  .0727  .0679  .0654  .0630  .0625  .0624  .0625  .0622  
.1732  .1463  .0900  .1070  .0684  .0659  .0598  .0590  .0574  .0595  .0565  .0564  
.1441  .1160  .0994  .0867  .0777  .0756  .0718  .0674  .0661  .0653  .0648  .0645  
.1263  .0958  .0858  .0873  .0874  .0831  .0782  .0732  .0709  .0735  .0694  .0685  
.1213  .0876  .0692  .0653  .0749  .0761  .0817  .0863  .0859  .0848  .0837  .0826  
.0786  .0669  .0610  .0543  .0494  .0559  .0706  .1007  .1144  .1173  .1159  .1143  
.0515  .0447  .0431  .0411  .0337  .0369  .0475  .0785  .1188  .1579  .1731  .1726  
.0360  .0322  .0297  .0284  .0233  .0246  .0320  .0527  .0912  .1504  .2232  .2757  
.0281  .0257  .0254  .0239  .0198  .0202  .0258  .0407  .0705  .1280  .2249  .3666  
