.0411  .0350  .0351  .0332  .0302  .0301  .0304  .0307  .0270  .0291  .0323  .0320  .0337  .0285  .0328  .0312  .0315  .0311  .0315  .0315  .0328  .0293  .0298  .0292  .0301  .0308  .0297  .0297  .0305  .0291  .0300  .0294  
.0426  .0345  .0348  .0319  .0295  .0302  .0300  .0278  .0289  .0278  .0320  .0297  .0342  .0317  .0317  .0292  .0305  .0298  .0298  .0275  .0334  .0323  .0316  .0314  .0320  .0320  .0304  .0303  .0299  .0309  .0307  .0295  
.0787  .0323  .0312  .0287  .0462  .0251  .0282  .0461  .0515  .0310  .0263  .0263  .0300  .0250  .0305  .0224  .0226  .0313  .0251  .0210  .0328  .0357  .0214  .0239  .0234  .0232  .0385  .0346  .0338  .0226  .0239  .0251  
.0421  .0398  .0362  .0384  .0355  .0323  .0311  .0304  .0312  .0333  .0317  .0297  .0306  .0299  .0295  .0332  .0285  .0284  .0278  .0312  .0274  .0273  .0295  .0296  .0274  .0294  .0287  .0321  .0301  .0301  .0275  .0287  
.0403  .0340  .0336  .0334  .0323  .0330  .0318  .0327  .0319  .0320  .0363  .0362  .0335  .0317  .0312  .0286  .0314  .0288  .0312  .0302  .0302  .0298  .0278  .0273  .0293  .0286  .0280  .0294  .0279  .0285  .0284  .0291  
.0283  .0295  .0303  .0321  .0318  .0331  .0313  .0311  .0332  .0336  .0330  .0326  .0322  .0317  .0313  .0310  .0318  .0318  .0314  .0315  .0313  .0308  .0307  .0306  .0303  .0297  .0306  .0305  .0305  .0303  .0303  .0304  
.0198  .0208  .0215  .0224  .0231  .0265  .0248  .0253  .0290  .0308  .0325  .0325  .0330  .0324  .0317  .0315  .0338  .0345  .0354  .0351  .0347  .0351  .0341  .0337  .0338  .0355  .0364  .0358  .0363  .0357  .0352  .0356  
.0126  .0156  .0134  .0176  .0180  .0165  .0164  .0158  .0189  .0214  .0240  .0248  .0291  .0330  .0281  .0320  .0304  .0310  .0427  .0344  .0447  .0392  .0406  .0399  .0438  .0382  .0399  .0435  .0439  .0481  .0516  .0491  
.0146  .0149  .0128  .0107  .0187  .0133  .0163  .0121  .0222  .0195  .0250  .0280  .0294  .0304  .0289  .0292  .0338  .0362  .0411  .0379  .0364  .0423  .0373  .0399  .0403  .0462  .0459  .0449  .0489  .0464  .0459  .0492  
.0195  .0150  .0175  .0138  .0211  .0132  .0217  .0205  .0231  .0267  .0276  .0250  .0263  .0277  .0272  .0315  .0317  .0336  .0341  .0340  .0352  .0404  .0348  .0360  .0393  .0445  .0426  .0447  .0465  .0469  .0496  .0473  
